nós de branch and bound = 6137
GAP = 0.00558849%
LB = 2.97743
UB = 2.9776
melhor custo = 2.9776
