nós de branch and bound = 532
GAP = 0.650523%
LB = 2.04747
UB = 2.06087
melhor custo = 2.06087
