nós de branch and bound = 421
GAP = 100%
LB = 3.67113
UB = 3.67113
melhor custo = 3.67113
