nós de branch and bound = 139
GAP = 5.33437%
LB = 1.70537
UB = 1.80147
melhor custo = 1.80147
