nós de branch and bound = 546
GAP = 0%
LB = 3.67113
UB = 3.67113
melhor custo = 3.67113
