nós de branch and bound = 4430
GAP = 3.18344%
LB = 2.25755
UB = 2.33178
melhor custo = 2.33178


