10 100
[[0,0.896514,0.746453,0.108771,0.137802,0.614044,0.652368,0.124656,0.889385,0.393007,0.39887,0.816102,0.273917,0.205479,0.109907,0.503735,0.376455,0.0498134,0.872023,0.823434,0.155881,0.200366,0.139787,0.323153,0.240106,0.461751,0.909432,0.932566,0.779863,0.0751872,0.933301,0.940406,0.0692198,0.234605,0.147033,0.591834,0.816135,0.746395,0.0248742,0.410986,0.064877,0.267652,0.14049,0.606506,0.324538,0.772076,0.835755,0.215615,0.377255,0.46075,0.312029,0.265822,0.615076,0.348459,0.0621746,0.584622,0.524011,0.578252,0.202368,0.184381,0.0827703,0.847137,0.0630702,0.461374,0.232466,0.1941,0.559303,0.653794,0.138007,0.96125,0.592497,0.729973,0.296252,0.558677,0.00321351,0.58331,0.00970382,0.155634,0.278601,0.344889,0.925725,0.352145,0.95515,0.481161,0.0570082,0.308892,0.0462717,0.720032,0.0820854,0.66635,0.591274,0.502269,0.108998,0.337585,0.823114,0.531279,0.154486,0.776407,0.797967,0.0633189],
[0.896514,0,0.641933,0.795575,0.901588,0.684595,0.149788,0.210207,0.592081,0.770634,0.354701,0.396329,0.0709413,0.990215,0.484416,0.327396,0.37282,0.71329,0.299536,0.585073,0.771226,0.964113,0.678602,0.48425,0.738371,0.864678,0.932044,0.498025,0.444458,0.411528,0.575416,0.257171,0.173119,0.924617,0.277199,0.427496,0.944257,0.67174,0.932682,0.70732,0.234689,0.741843,0.525052,0.26916,0.0827096,0.799493,0.337029,0.642384,0.939536,0.921968,0.949966,0.506595,0.948128,0.868143,0.437839,0.0489523,0.436022,0.866954,0.388726,0.733241,0.297895,0.199543,0.934197,0.326919,0.611962,0.943315,0.703092,0.619494,0.759164,0.0445919,0.405977,0.111651,0.522627,0.563039,0.788423,0.50608,0.88096,0.575277,0.93399,0.477355,0.816642,0.900312,0.904147,0.67375,0.502142,0.409262,0.495281,0.793325,0.788503,0.20593,0.463649,0.996067,0.46545,0.861002,0.354438,0.719996,0.251807,0.70669,0.358608,0.554439],
[0.746453,0.641933,0,0.697938,0.996017,0.737933,0.0411986,0.111742,0.804475,0.0104495,0.919294,0.639654,0.923124,0.129877,0.319794,0.193316,0.315812,0.563214,0.489637,0.233203,0.00324806,0.215436,0.76879,0.470751,0.571565,0.644256,0.356914,0.235895,0.0570845,0.575901,0.174298,0.349241,0.154408,0.656663,0.371918,0.304606,0.510379,0.353801,0.677168,0.742677,0.954425,0.411809,0.278836,0.697883,0.581684,0.132486,0.0629519,0.767831,0.289665,0.173912,0.254611,0.290608,0.884119,0.0110642,0.0515982,0.586257,0.562911,0.35869,0.429817,0.0900957,0.765598,0.935058,0.277451,0.273534,0.12592,0.327599,0.974831,0.657748,0.620504,0.819561,0.13622,0.018885,0.0467777,0.342047,0.661366,0.665094,0.882212,0.809323,0.355439,0.85767,0.901477,0.89951,0.590936,0.31788,0.578724,0.702061,0.859435,0.421833,0.778273,0.0596019,0.183475,0.701509,0.592384,0.649053,0.271303,0.654347,0.369088,0.115712,0.600956,0.73484],
[0.108771,0.795575,0.697938,0,0.710967,0.687584,0.484897,0.591735,0.0924688,0.302325,0.413978,0.604091,0.555072,0.937651,0.919874,0.588606,0.271455,0.747824,0.869221,0.455393,0.0933039,0.52654,0.019374,0.0350927,0.40903,0.473193,0.269816,0.600757,0.130902,0.297365,0.60869,0.165162,0.0215442,0.198231,0.326762,0.773709,0.545261,0.896645,0.854264,0.970802,0.234194,0.387761,0.857253,0.301631,0.590005,0.640595,0.153847,0.197427,0.28489,0.339605,0.154512,0.925149,0.92519,0.390265,0.0226069,0.194743,0.548797,0.470411,0.482239,0.846732,0.680316,0.510668,0.0631561,0.154095,0.777723,0.971753,0.650531,0.328017,0.833062,0.152273,0.679554,0.827418,0.662488,0.130438,0.784701,0.930863,0.0956753,0.628432,0.247021,0.106863,0.925882,0.608071,0.577104,0.0639283,0.902789,0.0810427,0.833889,0.579183,0.995987,0.557522,0.403846,0.413286,0.155447,0.894694,0.706911,0.946547,0.782945,0.235612,0.400384,0.383891],
[0.137802,0.901588,0.996017,0.710967,0,0.703483,0.39536,0.41502,0.334654,0.7646,0.410238,0.848754,0.0478052,0.294613,0.264081,0.179171,0.595509,0.548867,0.320376,0.996936,0.454143,0.431436,0.489175,0.115184,0.562262,0.902822,0.349604,0.259697,0.533888,0.933226,0.115066,0.279548,0.944665,0.992633,0.439236,0.415084,0.848032,0.13867,0.706542,0.0866731,0.53372,0.410082,0.279651,0.592169,0.471281,0.741763,0.784984,0.521265,0.511251,0.0975134,0.0641436,0.0147796,0.359132,0.054297,0.143985,0.277773,0.288637,0.180358,0.248802,0.449957,0.873878,0.435116,0.424602,0.0266624,0.468933,0.376933,0.983779,0.279495,0.507781,0.808176,0.759986,0.665747,0.181889,0.518625,0.614582,0.5486,0.559048,0.768519,0.749029,0.0456115,0.384846,0.25154,0.717537,0.618006,0.106803,0.207308,0.0254557,0.968507,0.0475048,0.367586,0.890204,0.632763,0.252938,0.872508,0.00211915,0.83747,0.352642,0.832755,0.437905,0.749119],
[0.614044,0.684595,0.737933,0.687584,0.703483,0,0.252967,0.599229,0.107627,0.492512,0.131633,0.192163,0.847857,0.204337,0.386724,0.574659,0.41321,0.228362,0.991048,0.533405,0.122724,0.233279,0.719235,0.971135,0.732589,0.659176,0.372639,0.143739,0.777111,0.0787584,0.435617,0.673511,0.0973208,0.69951,0.713486,0.0228448,0.0467382,0.162702,0.927198,0.349785,0.659053,0.164379,0.0892972,0.00859596,0.161904,0.757569,0.492265,0.037037,0.212373,0.741193,0.0570349,0.0668224,0.115547,0.384454,0.277164,0.703036,0.791336,0.446232,0.865356,0.676981,0.137168,0.0770499,0.718153,0.601791,0.891401,0.948476,0.611488,0.0494339,0.912606,0.399476,0.115578,0.0376507,0.3603,0.706451,0.6458,0.680864,0.151254,0.393988,0.305748,0.318437,0.133074,0.0387754,0.748469,0.413662,0.973877,0.218029,0.750499,0.0342213,0.385672,0.479343,0.845382,0.435044,0.523434,0.0886088,0.553441,0.426118,0.159436,0.318068,0.0222672,0.843284],
[0.652368,0.149788,0.0411986,0.484897,0.39536,0.252967,0,0.0693861,0.673088,0.153038,0.938265,0.494244,0.763475,0.539958,0.31703,0.242159,0.824722,0.541742,0.434007,0.128181,0.441701,0.851357,0.510448,0.945424,0.400418,0.621848,0.272704,0.382039,0.854357,0.246421,0.464763,0.0797342,0.0154047,0.555652,0.0568938,0.730339,0.160682,0.141444,0.126922,0.355509,0.635585,0.665997,0.0794696,0.864976,0.501501,0.472794,0.586011,0.955542,0.99708,0.89239,0.245435,0.152568,0.347852,0.441762,0.540345,0.64326,0.980886,0.389929,0.606679,0.229085,0.116397,0.290817,0.348627,0.0363204,0.779869,0.533117,0.901382,0.220909,0.357402,0.878457,0.432235,0.913827,0.375321,0.409929,0.541357,0.963094,0.764727,0.789689,0.382933,0.162934,0.13547,0.66317,0.147935,0.470175,0.211201,0.202825,0.908701,0.174354,0.0566478,0.676633,0.38508,0.862131,0.280203,0.993387,0.371761,0.152221,0.712406,0.307657,0.796603,0.901986],
[0.124656,0.210207,0.111742,0.591735,0.41502,0.599229,0.0693861,0,0.857891,0.330883,0.642708,0.125012,0.824007,0.901586,0.0866522,0.736348,0.554679,0.673031,0.815259,0.737859,0.475403,0.172202,0.416603,0.433522,0.912023,0.447918,0.310255,0.557048,0.680199,0.386574,0.611659,0.759266,0.064485,0.394906,0.168965,0.346654,0.974437,0.0156772,0.679298,0.758925,0.654101,0.363721,0.0540174,0.313421,0.0939422,0.333126,0.623238,0.287441,0.886298,0.00506531,0.509224,0.268076,0.535919,0.767748,0.377853,0.389037,0.972398,0.131704,0.962316,0.993436,0.15969,0.521786,0.548314,0.40098,0.316111,0.0503871,0.469098,0.473991,0.186046,0.986803,0.726803,0.0454704,0.688967,0.806935,0.220394,0.58933,0.304843,0.0440929,0.832218,0.609568,0.82597,0.990937,0.182774,0.302736,0.835194,0.237793,0.477643,0.795043,0.906938,0.74688,0.655574,0.35026,0.747547,0.942279,0.892031,0.830214,0.353495,0.605589,0.234796,0.173393],
[0.889385,0.592081,0.804475,0.0924688,0.334654,0.107627,0.673088,0.857891,0,0.384879,0.276727,0.245303,0.646284,0.620959,0.967103,0.748918,0.285555,0.530031,0.713691,0.0991125,0.389514,0.628543,0.459417,0.132395,0.678601,0.427639,0.836183,0.917034,0.61764,0.039695,0.491149,0.130055,0.596612,0.901915,0.234123,0.610315,0.658477,0.70168,0.988095,0.307218,0.278138,0.385466,0.263428,0.313264,0.680191,0.499927,0.500168,0.187088,0.959922,0.905355,0.240269,0.67647,0.567549,0.0263612,0.841428,0.49772,0.041194,0.602449,0.533368,0.264853,0.292113,0.802392,0.277338,0.160418,0.598517,0.737535,0.0424263,0.36439,0.478039,0.557101,0.764029,0.726974,0.83379,0.411132,0.341502,0.0106288,0.103201,0.708736,0.0231542,0.671479,0.393664,0.68448,0.56676,0.911877,0.155595,0.754759,0.442831,0.743394,0.512206,0.127745,0.0675729,0.334356,0.951764,0.207517,0.610329,0.783979,0.393079,0.0625312,0.721159,0.376023],
[0.393007,0.770634,0.0104495,0.302325,0.7646,0.492512,0.153038,0.330883,0.384879,0,0.481896,0.994578,0.762121,0.986037,0.298736,0.830299,0.28892,0.353737,0.421348,0.351522,0.451575,0.997704,0.289395,0.555018,0.436206,0.801823,0.972555,0.0466794,0.384083,0.392795,0.304146,0.612921,0.451335,0.706773,0.909576,0.195095,0.563658,0.664157,0.874549,0.702676,0.710829,0.822702,0.841056,0.0874933,0.246609,0.49721,0.616099,0.71524,0.867945,0.586506,0.654363,0.546269,0.974093,0.190301,0.652256,0.168488,0.831208,0.132827,0.00155762,0.563975,0.341327,0.467323,0.903328,0.873379,0.813804,0.498947,0.289532,0.468687,0.644363,0.0713999,0.0514557,0.640463,0.650925,0.321977,0.533359,0.848068,0.473425,0.711195,0.692654,0.775838,0.427967,0.9379,0.865857,0.296913,0.606222,0.757139,0.861455,0.141713,0.859239,0.0881862,0.115109,0.316688,0.445693,0.566284,0.459145,0.410204,0.48348,0.910848,0.444256,0.93372],
[0.39887,0.354701,0.919294,0.413978,0.410238,0.131633,0.938265,0.642708,0.276727,0.481896,0,0.101673,0.330545,0.880132,0.809148,0.0252178,0.562044,0.403092,0.385458,0.856675,0.832746,0.897102,0.519349,0.440663,0.312658,0.365087,0.579812,0.00716384,0.785479,0.667595,0.590062,0.205639,0.089851,0.752253,0.693216,0.414606,0.512521,0.5632,0.988516,0.368459,0.622649,0.807347,0.187688,0.368744,0.987629,0.568644,0.84867,0.371623,0.660983,0.460537,0.018644,0.00432534,0.463349,0.892253,0.355504,0.269441,0.340226,0.237739,0.247781,0.574138,0.278807,0.154197,0.00383262,0.183581,0.347585,0.674875,0.67468,0.632341,0.262402,0.933443,0.0905334,0.437362,0.710196,0.512957,0.0377096,0.388785,0.116313,0.670147,0.860734,0.702337,0.924644,0.874337,0.965972,0.841838,0.0513593,0.0743783,0.587852,0.585078,0.620089,0.705893,0.0703718,0.144043,0.453009,0.953391,0.0680588,0.721597,0.949178,0.794747,0.785478,0.349123],
[0.816102,0.396329,0.639654,0.604091,0.848754,0.192163,0.494244,0.125012,0.245303,0.994578,0.101673,0,0.706397,0.994112,0.786927,0.40976,0.716631,0.452111,0.332836,0.20347,0.486265,0.219307,0.185241,0.347847,0.233438,0.183196,0.479982,0.834955,0.476639,0.336704,0.429348,0.467865,0.0417092,0.406209,0.198937,0.925773,0.749942,0.619898,0.945418,0.342085,0.876637,0.546274,0.862132,0.178335,0.0893279,0.118421,0.315,0.458856,0.459562,0.275374,0.64705,0.366028,0.887855,0.172693,0.751265,0.124321,0.811214,0.177524,0.946172,0.660713,0.539264,0.71891,0.502193,0.0254607,0.188902,0.570649,0.805031,0.938268,0.674722,0.933869,0.190319,0.450191,0.61328,0.992828,0.0123016,0.079756,0.340976,0.636938,0.510968,0.861787,0.505625,0.818103,0.349542,0.147255,0.205077,0.425336,0.486706,0.358546,0.539669,0.499057,0.557708,0.320557,0.340242,0.846873,0.134403,0.747521,0.792115,0.266225,0.618288,0.842871],
[0.273917,0.0709413,0.923124,0.555072,0.0478052,0.847857,0.763475,0.824007,0.646284,0.762121,0.330545,0.706397,0,0.855853,0.888037,0.577954,0.715189,0.899199,0.963667,0.956038,0.280815,0.456637,0.286726,0.987354,0.179911,0.0121948,0.410246,0.48919,0.00375967,0.49186,0.324784,0.380547,0.855356,0.153909,0.909925,0.211175,0.918697,0.681496,0.362837,0.585849,0.236815,0.610889,0.0072486,0.639961,0.177558,0.671078,0.635738,0.927673,0.532535,0.306048,0.567032,0.426533,0.182396,0.506265,0.0694388,0.0534107,0.152339,0.44724,0.617732,0.656024,0.598117,0.906844,0.602528,0.570776,0.302255,0.852312,0.0110933,0.816329,0.247315,0.832777,0.270427,0.175447,0.57946,0.712811,0.60633,0.118791,0.875799,0.946476,0.208365,0.265144,0.5582,0.800106,0.226808,0.583392,0.557525,0.654888,0.282257,0.997574,0.392609,0.224072,0.0617631,0.155243,0.264092,0.349313,0.847873,0.528288,0.579824,0.820548,0.178419,0.952895],
[0.205479,0.990215,0.129877,0.937651,0.294613,0.204337,0.539958,0.901586,0.620959,0.986037,0.880132,0.994112,0.855853,0,0.114743,0.781713,0.236652,0.359072,0.218078,0.473871,0.891804,0.323306,0.801969,0.241105,0.594135,0.233492,0.685584,0.848439,0.116822,0.853335,0.994339,0.854578,0.44188,0.473418,0.227531,0.098577,0.20907,0.557217,0.26643,0.578778,0.776125,0.542018,0.614605,0.591098,0.483005,0.345226,0.0432111,0.155629,0.517154,0.439883,0.201328,0.791568,0.948407,0.885859,0.9339,0.679182,0.521566,0.843551,0.104825,0.0215486,0.600754,0.626864,0.790219,0.76926,0.788685,0.370837,0.0140563,0.886623,0.146093,0.685532,0.939439,0.384656,0.152481,0.852811,0.358714,0.916231,0.359098,0.314993,0.67237,0.207456,0.068052,0.77485,0.571332,0.0792732,0.0201136,0.501059,0.05973,0.637269,0.532571,0.572511,0.578796,0.679952,0.242169,0.0429474,0.787947,0.867769,0.552954,0.673131,0.574851,0.295327],
[0.109907,0.484416,0.319794,0.919874,0.264081,0.386724,0.31703,0.0866522,0.967103,0.298736,0.809148,0.786927,0.888037,0.114743,0,0.743426,0.938183,0.468705,0.782272,0.498975,0.0641503,0.157359,0.126998,0.051952,0.180738,0.390115,0.702458,0.0973792,0.445122,0.0450974,0.524333,0.790291,0.129312,0.587435,0.772144,0.708879,0.261705,0.193538,0.85236,0.87062,0.298575,0.00808465,0.876025,0.109085,0.587772,0.585359,0.177519,0.936134,0.45951,0.976613,0.352384,0.909493,0.932202,0.260671,0.178999,0.0576842,0.80866,0.00532198,0.145998,0.716945,0.650767,0.43609,0.674807,0.384314,0.883152,0.386151,0.654278,0.447655,0.605306,0.870645,0.542608,0.464113,0.118367,0.0791197,0.955194,0.0486534,0.696428,0.0960298,0.635689,0.118084,0.318875,0.531244,0.686496,0.404717,0.729974,0.293661,0.8522,0.90604,0.873195,0.607542,0.944573,0.891645,0.341903,0.887151,0.580411,0.673195,0.115406,0.359538,0.666703,0.821688],
[0.503735,0.327396,0.193316,0.588606,0.179171,0.574659,0.242159,0.736348,0.748918,0.830299,0.0252178,0.40976,0.577954,0.781713,0.743426,0,0.922168,0.854968,0.509723,0.250502,0.822888,0.676385,0.500871,0.221936,0.894105,0.0544591,0.770266,0.433854,0.47044,0.802625,0.928799,0.400534,0.399907,0.572147,0.733371,0.901259,0.183365,0.0317006,0.137568,0.441779,0.720343,0.0339152,0.790952,0.187581,0.228537,0.483851,0.225281,0.354118,0.467402,0.0695658,0.598189,0.0910315,0.687349,0.0368677,0.238317,0.0109297,0.796022,0.425869,0.232536,0.950312,0.279739,0.983845,0.765329,0.574901,0.620756,0.977676,0.136215,0.933338,0.931599,0.200916,0.651262,0.216174,0.924827,0.260178,0.168062,0.456565,0.0717913,0.00631477,0.262738,0.873477,0.420455,0.198213,0.59701,0.623978,0.0828999,0.590748,0.636169,0.595171,0.0645036,0.580133,0.467884,0.96243,0.93262,0.64148,0.261905,0.540611,0.918306,0.457633,0.316116,0.426439],
[0.376455,0.37282,0.315812,0.271455,0.595509,0.41321,0.824722,0.554679,0.285555,0.28892,0.562044,0.716631,0.715189,0.236652,0.938183,0.922168,0,0.601276,0.0488363,0.99774,0.71069,0.0584652,0.00139773,0.525003,0.865122,0.765815,0.617085,0.902089,0.896023,0.52487,0.509313,0.557272,0.620816,0.226831,0.192399,0.189048,0.260438,0.137566,0.644382,0.0268165,0.204586,0.339536,0.935828,0.0369349,0.995062,0.99688,0.430713,0.596306,0.815914,0.733437,0.737843,0.984859,0.883756,0.216059,0.886697,0.85292,0.516746,0.718513,0.21046,0.123477,0.694643,0.6985,0.73371,0.194088,0.711197,0.515632,0.429359,0.468443,0.352972,0.784103,0.186541,0.666335,0.0849876,0.431849,0.760516,0.99797,0.268148,0.677175,0.533113,0.784631,0.755835,0.666114,0.113898,0.364046,0.573661,0.736008,0.312146,0.253285,0.362082,0.310612,0.995487,0.503732,0.883076,0.0438854,0.0233692,0.694811,0.769555,0.0361963,0.521862,0.821056],
[0.0498134,0.71329,0.563214,0.747824,0.548867,0.228362,0.541742,0.673031,0.530031,0.353737,0.403092,0.452111,0.899199,0.359072,0.468705,0.854968,0.601276,0,0.273145,0.682647,0.818078,0.195907,0.393316,0.823839,0.23355,0.732437,0.279175,0.897967,0.877993,0.0884564,0.748992,0.389427,0.142332,0.265108,0.858756,0.404345,0.649165,0.0855606,0.727108,0.0649564,0.471203,0.0609029,0.566447,0.952783,0.758863,0.228339,0.240872,0.927249,0.608974,0.842737,0.246479,0.647729,0.235908,0.00687359,0.154011,0.49873,0.350182,0.512318,0.807,0.30883,0.607826,0.547188,0.0760455,0.941634,0.875872,0.537386,0.335652,0.357919,0.64143,0.108747,0.363336,0.146033,0.536739,0.263829,0.425367,0.602925,0.883372,0.00330967,0.94499,0.822378,0.981479,0.303732,0.334731,0.0811974,0.113085,0.550277,0.809195,0.381793,0.494246,0.707661,0.921112,0.462869,0.841094,0.692436,0.0195902,0.722097,0.917122,0.920656,0.509813,0.288002],
[0.872023,0.299536,0.489637,0.869221,0.320376,0.991048,0.434007,0.815259,0.713691,0.421348,0.385458,0.332836,0.963667,0.218078,0.782272,0.509723,0.0488363,0.273145,0,0.15789,0.491055,0.930513,0.12348,0.663517,0.999079,0.0408777,0.894513,0.28368,0.755372,0.197945,0.615826,0.52602,0.502315,0.0251167,0.0431973,0.164509,0.216711,0.265692,0.573547,0.776889,0.753012,0.865236,0.670778,0.352231,0.957235,0.391627,0.451152,0.635053,0.884092,0.185736,0.320282,0.378483,0.870385,0.711097,0.282982,0.0525767,0.748133,0.950858,0.804621,0.243013,0.866659,0.87527,0.905505,0.422725,0.983067,0.196112,0.744979,0.55337,0.101675,0.73321,0.168122,0.0901602,0.846228,0.845622,0.533007,0.654031,0.553525,0.0321826,0.319567,0.75483,0.367848,0.495939,0.0392509,0.469674,0.910904,0.590107,0.516314,0.988849,0.431891,0.46783,0.378285,0.612171,0.735928,0.878811,0.807792,0.483658,0.775363,0.835076,0.473802,0.805351],
[0.823434,0.585073,0.233203,0.455393,0.996936,0.533405,0.128181,0.737859,0.0991125,0.351522,0.856675,0.20347,0.956038,0.473871,0.498975,0.250502,0.99774,0.682647,0.15789,0,0.717171,0.00455344,0.104499,0.82997,0.579163,0.527308,0.238396,0.267094,0.0770462,0.944062,0.235911,0.421117,0.408744,0.215543,0.479638,0.746786,0.775979,0.632235,0.663505,0.336761,0.801061,0.933942,0.83296,0.330665,0.896909,0.581932,0.381818,0.681847,0.975954,0.608924,0.568039,0.806984,0.458049,0.856963,0.760198,0.129444,0.345089,0.999627,0.829485,0.369524,0.294516,0.999061,0.394794,0.225331,0.12044,0.413532,0.132078,0.409244,0.0374357,0.0882627,0.543233,0.906906,0.216121,0.292187,0.969266,0.365638,0.668312,0.837796,0.883536,0.387185,0.873109,0.504202,0.843961,0.264814,0.783994,0.703649,0.298656,0.345614,0.327884,0.444199,0.665838,0.872846,0.137103,0.257744,0.35615,0.413265,0.272901,0.484901,0.0190183,0.337402],
[0.155881,0.771226,0.00324806,0.0933039,0.454143,0.122724,0.441701,0.475403,0.389514,0.451575,0.832746,0.486265,0.280815,0.891804,0.0641503,0.822888,0.71069,0.818078,0.491055,0.717171,0,0.23029,0.434461,0.783636,0.464269,0.39842,0.199877,0.091015,0.0753112,0.274118,0.10335,0.6967,0.375042,0.164215,0.739659,0.940573,0.276179,0.0531907,0.416235,0.844024,0.361282,0.990616,0.505276,0.198458,0.972306,0.240759,0.0837926,0.748219,0.125363,0.0750067,0.773994,0.855736,0.43722,0.172323,0.474845,0.707264,0.833866,0.042231,0.852385,0.772146,0.609486,0.282088,0.187395,0.220595,0.938334,0.754976,0.676587,0.10265,0.340867,0.14816,0.256811,0.419595,0.627581,0.296996,0.160408,0.831849,0.917435,0.8665,0.228723,0.849919,0.0915997,0.589682,0.28492,0.607653,0.0638996,0.970074,0.0263625,0.405135,0.014265,0.628785,0.497998,0.653034,0.880476,0.454747,0.356451,0.758864,0.43039,0.953049,0.577861,0.755995],
[0.200366,0.964113,0.215436,0.52654,0.431436,0.233279,0.851357,0.172202,0.628543,0.997704,0.897102,0.219307,0.456637,0.323306,0.157359,0.676385,0.0584652,0.195907,0.930513,0.00455344,0.23029,0,0.979504,0.262571,0.801495,0.184487,0.724283,0.757053,0.25901,0.402122,0.0179205,0.172441,0.675085,0.67543,0.122681,0.957565,0.838242,0.545782,0.43675,0.5068,0.00335776,0.212905,0.665202,0.934188,0.489453,0.580353,0.761276,0.476549,0.0185522,0.614747,0.297671,0.714588,0.647213,0.446424,0.712902,0.851742,0.0927022,0.777332,0.445081,0.392972,0.374465,0.3191,0.446391,0.375536,0.384466,0.0701497,0.669503,0.76534,0.0383277,0.562114,0.697394,0.763901,0.677749,0.407793,0.681303,0.0999404,0.510783,0.332672,0.242625,0.894283,0.948423,0.366222,0.294366,0.0177896,0.694675,0.46506,0.853233,0.407744,0.495843,0.242841,0.584634,0.197223,0.299007,0.723959,0.0341369,0.916866,0.420875,0.317023,0.466928,0.786865],
[0.139787,0.678602,0.76879,0.019374,0.489175,0.719235,0.510448,0.416603,0.459417,0.289395,0.519349,0.185241,0.286726,0.801969,0.126998,0.500871,0.00139773,0.393316,0.12348,0.104499,0.434461,0.979504,0,0.108667,0.712681,0.989514,0.821214,0.221795,0.581075,0.684823,0.85119,0.500243,0.668431,0.420487,0.79048,0.196355,0.139837,0.13134,0.636932,0.090058,0.7718,0.601062,0.0564517,0.414991,0.334007,0.22385,0.956846,0.361105,0.790334,0.680567,0.355056,0.892665,0.467491,0.773657,0.234658,0.00032886,0.769373,0.677012,0.78781,0.569114,0.758713,0.826237,0.0360694,0.0717862,0.377359,0.942131,0.231607,0.515852,0.541033,0.913021,0.778984,0.0691654,0.60535,0.577108,0.826301,0.234952,0.698543,0.265985,0.659706,0.499639,0.973638,0.115042,0.349004,0.832204,0.218174,0.418867,0.30167,0.717699,0.963879,0.81464,0.545747,0.768049,0.832937,0.971674,0.426081,0.60473,0.795456,0.918944,0.80905,0.424259],
[0.323153,0.48425,0.470751,0.0350927,0.115184,0.971135,0.945424,0.433522,0.132395,0.555018,0.440663,0.347847,0.987354,0.241105,0.051952,0.221936,0.525003,0.823839,0.663517,0.82997,0.783636,0.262571,0.108667,0,0.68404,0.775565,0.19366,0.354904,0.923582,0.972887,0.292092,0.282911,0.819514,0.905014,0.444714,0.455399,0.662962,0.0181887,0.172132,0.927253,0.290005,0.26134,0.84727,0.583338,0.327599,0.153145,0.308328,0.649208,0.833666,0.890208,0.340866,0.535318,0.71658,0.0293828,0.200921,0.316649,0.426474,0.674155,0.875282,0.981205,0.593256,0.280865,0.704656,0.194606,0.353343,0.745484,0.465367,0.37164,0.741318,0.54244,0.377295,0.18769,0.593821,0.255186,0.685604,0.713814,0.917298,0.547672,0.382009,0.148064,0.479829,0.757109,0.396934,0.382798,0.190543,0.269883,0.995916,0.981461,0.254461,0.692944,0.415248,0.884347,0.364084,0.0712383,0.161097,0.554169,0.578184,0.64341,0.975527,0.063624],
[0.240106,0.738371,0.571565,0.40903,0.562262,0.732589,0.400418,0.912023,0.678601,0.436206,0.312658,0.233438,0.179911,0.594135,0.180738,0.894105,0.865122,0.23355,0.999079,0.579163,0.464269,0.801495,0.712681,0.68404,0,0.8419,0.403009,0.971248,0.872855,0.499636,0.853138,0.417327,0.0636313,0.663283,0.899162,0.85905,0.55092,0.374805,0.506425,0.591598,0.773455,0.478613,0.621879,0.557688,0.456096,0.0664254,0.640478,0.211549,0.308676,0.572449,0.838719,0.381432,0.928988,0.124093,0.0115317,0.985877,0.882143,0.958654,0.796174,0.480466,0.176944,0.513776,0.536971,0.21376,0.321071,0.0800813,0.733657,0.404462,0.557392,0.97416,0.327517,0.159202,0.881543,0.314452,0.792639,0.492125,0.141471,0.463794,0.153994,0.353116,0.363718,0.0627869,0.0510012,0.728556,0.0253882,0.593125,0.0543458,0.556969,0.311461,0.0448132,0.873924,0.28465,0.436024,0.106553,0.0364853,0.276438,0.0129746,0.616457,0.450999,0.165904],
[0.461751,0.864678,0.644256,0.473193,0.902822,0.659176,0.621848,0.447918,0.427639,0.801823,0.365087,0.183196,0.0121948,0.233492,0.390115,0.0544591,0.765815,0.732437,0.0408777,0.527308,0.39842,0.184487,0.989514,0.775565,0.8419,0,0.0989822,0.953963,0.261862,0.100928,0.107394,0.782086,0.20305,0.891818,0.0607663,0.109354,0.327988,0.541135,0.624188,0.893027,0.734042,0.6816,0.624411,0.373109,0.0583274,0.370643,0.988194,0.418691,0.267724,0.93985,0.222785,0.188651,0.974111,0.546303,0.338791,0.0193222,0.137002,0.264798,0.489599,0.734041,0.629954,0.560489,0.767269,0.00531741,0.304272,0.21149,0.0314412,0.154399,0.859105,0.711395,0.624507,0.708404,0.0421176,0.72615,0.731635,0.824847,0.0811053,0.440573,0.953323,0.885118,0.956073,0.250291,0.568659,0.071993,0.924422,0.953558,0.912486,0.21926,0.524002,0.345393,0.257462,0.761371,0.301539,0.581824,0.210541,0.673921,0.600959,0.39251,0.411093,0.459491],
[0.909432,0.932044,0.356914,0.269816,0.349604,0.372639,0.272704,0.310255,0.836183,0.972555,0.579812,0.479982,0.410246,0.685584,0.702458,0.770266,0.617085,0.279175,0.894513,0.238396,0.199877,0.724283,0.821214,0.19366,0.403009,0.0989822,0,0.300058,0.807337,2.5738e-05,0.431429,0.294274,0.724989,0.280883,0.928401,0.363856,0.757225,0.846572,0.91893,0.966758,0.285887,0.571879,0.489027,0.369707,0.193397,0.578735,0.316018,0.217407,0.20126,0.44466,0.274998,0.638248,0.761022,0.798542,0.259806,0.398087,0.34372,0.923204,0.335776,0.199045,0.229884,0.481487,0.523174,0.771273,0.730624,0.827435,0.433591,0.557771,0.499984,0.604307,0.923644,0.759184,0.75004,0.737589,0.0892796,0.0156275,0.507723,0.789853,0.875249,0.598163,0.454115,0.990672,0.430957,0.70949,0.774892,0.668672,0.619332,0.611443,0.829369,0.0106744,0.618807,0.0426612,0.192021,0.90451,0.864634,0.233128,0.00347171,0.430241,0.514183,0.407455],
[0.932566,0.498025,0.235895,0.600757,0.259697,0.143739,0.382039,0.557048,0.917034,0.0466794,0.00716384,0.834955,0.48919,0.848439,0.0973792,0.433854,0.902089,0.897967,0.28368,0.267094,0.091015,0.757053,0.221795,0.354904,0.971248,0.953963,0.300058,0,0.724301,0.632055,0.415436,0.512503,0.162612,0.283278,0.956639,0.819506,0.162313,0.765976,0.91562,0.668538,0.108054,0.0184738,0.800276,0.125803,0.185949,0.447923,0.706073,0.235945,0.960188,0.564358,0.4257,0.91571,0.91747,0.509466,0.67339,0.0840296,0.755127,0.111093,0.858845,0.0155879,0.737981,0.423335,0.261286,0.995277,0.562531,0.832118,0.0889129,0.280783,0.132455,0.876388,0.966495,0.334085,0.938651,0.980138,0.388752,0.189781,0.308592,0.863772,0.98508,0.548046,0.672938,0.740836,0.897312,0.653139,0.812096,0.930539,0.229136,0.00107189,0.355677,0.791667,0.0927545,0.62499,0.662656,0.5486,0.559437,0.269879,0.364144,0.815449,0.697235,0.338344],
[0.779863,0.444458,0.0570845,0.130902,0.533888,0.777111,0.854357,0.680199,0.61764,0.384083,0.785479,0.476639,0.00375967,0.116822,0.445122,0.47044,0.896023,0.877993,0.755372,0.0770462,0.0753112,0.25901,0.581075,0.923582,0.872855,0.261862,0.807337,0.724301,0,0.677057,0.0541322,0.862767,0.980934,0.701234,0.424565,0.384143,0.0901176,0.313132,0.581446,0.206252,0.275827,0.750454,0.942704,0.145463,0.123469,0.0603206,0.948853,0.793058,0.614226,0.663141,0.634722,0.796207,0.965086,0.680254,0.491574,0.76278,0.990119,0.825911,0.809426,0.35834,0.297691,0.262597,0.208795,0.360946,0.877595,0.109394,0.806828,0.341547,0.315011,0.769466,0.962795,0.0594695,0.143284,0.841337,0.215719,0.138954,0.469128,0.936067,0.484522,0.553763,0.825929,0.587485,0.0506259,0.56706,0.014887,0.282407,0.803446,0.533903,0.84137,0.955899,0.980755,0.828689,0.287151,0.639793,0.5816,0.732462,0.899698,0.742729,0.579895,0.221342],
[0.0751872,0.411528,0.575901,0.297365,0.933226,0.0787584,0.246421,0.386574,0.039695,0.392795,0.667595,0.336704,0.49186,0.853335,0.0450974,0.802625,0.52487,0.0884564,0.197945,0.944062,0.274118,0.402122,0.684823,0.972887,0.499636,0.100928,2.5738e-05,0.632055,0.677057,0,0.5708,0.992071,0.620258,0.0298629,0.137835,0.520215,0.92176,0.252391,0.719431,0.321194,0.464116,0.154757,0.73723,0.0994964,0.530527,0.602046,0.250163,0.824992,0.216785,0.405935,0.00180571,0.180441,0.272362,0.0594223,0.633362,0.166762,0.0790928,0.593131,0.874313,0.937508,0.640074,0.695801,0.973409,0.282805,0.706562,0.788284,0.68979,0.0377037,0.553557,0.154263,0.90289,0.202929,0.0765644,0.525286,0.978386,0.118681,0.86207,0.895122,0.947358,0.830592,0.368015,0.859872,0.398712,0.608126,0.716828,0.492214,0.0053925,0.82121,0.322032,0.740016,0.422205,0.904036,0.897152,0.570103,0.770676,0.922973,0.186693,0.104682,0.837957,0.421958],
[0.933301,0.575416,0.174298,0.60869,0.115066,0.435617,0.464763,0.611659,0.491149,0.304146,0.590062,0.429348,0.324784,0.994339,0.524333,0.928799,0.509313,0.748992,0.615826,0.235911,0.10335,0.0179205,0.85119,0.292092,0.853138,0.107394,0.431429,0.415436,0.0541322,0.5708,0,0.145416,0.140195,0.927338,0.578624,0.502962,0.502835,0.779248,0.960087,0.302073,0.40169,0.847656,0.624236,0.630903,0.0163947,0.484827,0.332941,0.437895,0.215851,0.308363,0.282085,0.911153,0.881244,0.483455,0.577451,0.0524142,0.0533605,0.642257,0.0802762,0.373788,0.19844,0.148984,0.780428,0.496117,0.480291,0.823871,0.835216,0.815837,0.286534,0.0884404,0.921804,0.462154,0.367761,0.17969,0.697832,0.197907,0.556011,0.122083,0.0612782,0.201536,0.253725,0.688646,0.46023,0.591174,0.377516,0.407421,0.705113,0.0551007,0.139648,0.786995,0.567065,0.814168,0.929626,0.0955471,0.436202,0.158134,0.712984,0.155507,0.794922,0.722332],
[0.940406,0.257171,0.349241,0.165162,0.279548,0.673511,0.0797342,0.759266,0.130055,0.612921,0.205639,0.467865,0.380547,0.854578,0.790291,0.400534,0.557272,0.389427,0.52602,0.421117,0.6967,0.172441,0.500243,0.282911,0.417327,0.782086,0.294274,0.512503,0.862767,0.992071,0.145416,0,0.0501543,0.935839,0.571599,0.975977,0.906253,0.0595265,0.60632,0.617238,0.340704,0.0181058,0.0831936,0.751969,0.448007,0.832396,0.784609,0.00867269,0.991481,0.123891,0.94675,0.0620282,0.580162,0.0287137,0.553748,0.347402,0.51413,0.404163,0.0117941,0.54272,0.380462,0.109734,0.271865,0.822319,0.110061,0.303494,0.366131,0.995342,0.453018,0.730716,0.555292,0.789442,0.439536,0.400014,0.218932,0.722265,0.478831,0.0917009,0.763123,0.898651,0.751655,0.93963,0.00577609,0.0482216,0.0718952,0.5913,0.849718,0.253935,0.923455,0.622248,0.57203,0.330958,0.396149,0.977377,0.404714,0.263741,0.0541845,0.519136,0.377862,0.284661],
[0.0692198,0.173119,0.154408,0.0215442,0.944665,0.0973208,0.0154047,0.064485,0.596612,0.451335,0.089851,0.0417092,0.855356,0.44188,0.129312,0.399907,0.620816,0.142332,0.502315,0.408744,0.375042,0.675085,0.668431,0.819514,0.0636313,0.20305,0.724989,0.162612,0.980934,0.620258,0.140195,0.0501543,0,0.95448,0.415034,0.947711,0.866018,0.924131,0.652113,0.0285146,0.698804,0.8966,0.262282,0.368657,0.613237,0.401539,0.587192,0.467375,0.156321,0.327903,0.951772,0.687035,0.22049,0.927566,0.0712011,0.215714,0.515115,0.460085,0.263039,0.670748,0.937969,0.895344,0.907606,0.609724,0.318524,0.731599,0.392882,0.657198,0.312721,0.198855,0.308867,0.31458,0.599191,0.0883255,0.766809,0.624761,0.743029,0.470399,0.881349,0.307947,0.184657,0.760184,0.30286,0.281876,0.21897,0.901476,0.500674,0.614535,0.110535,0.945945,0.885854,0.900102,0.362602,0.431106,0.125114,0.642969,0.4385,0.811372,0.196565,0.976398],
[0.234605,0.924617,0.656663,0.198231,0.992633,0.69951,0.555652,0.394906,0.901915,0.706773,0.752253,0.406209,0.153909,0.473418,0.587435,0.572147,0.226831,0.265108,0.0251167,0.215543,0.164215,0.67543,0.420487,0.905014,0.663283,0.891818,0.280883,0.283278,0.701234,0.0298629,0.927338,0.935839,0.95448,0,0.950542,0.807569,0.0132141,0.133049,0.637255,0.0447503,0.356115,0.259466,0.903073,0.328786,0.598079,0.617313,0.395893,0.205725,0.505516,0.482276,0.536696,0.201762,0.765364,0.494519,0.629049,0.638671,0.616271,0.000947434,0.510094,0.463884,0.964038,0.0840411,0.0578786,0.769652,0.606211,0.15147,0.810046,0.473585,0.907038,0.908002,0.0580241,0.481039,0.414539,0.521737,0.359197,0.863002,0.438223,0.931406,0.416717,0.0592059,0.155202,0.588156,0.0511659,0.909054,0.95624,0.109482,0.564548,0.476934,0.917921,0.846597,0.75054,0.515677,0.52201,0.7446,0.707505,0.812482,0.0820715,0.271219,0.395878,0.457172],
[0.147033,0.277199,0.371918,0.326762,0.439236,0.713486,0.0568938,0.168965,0.234123,0.909576,0.693216,0.198937,0.909925,0.227531,0.772144,0.733371,0.192399,0.858756,0.0431973,0.479638,0.739659,0.122681,0.79048,0.444714,0.899162,0.0607663,0.928401,0.956639,0.424565,0.137835,0.578624,0.571599,0.415034,0.950542,0,0.749686,0.451513,0.956171,0.460584,0.58804,0.574897,0.405867,0.940446,0.0536,0.0380114,0.472991,0.938455,0.2061,0.27637,0.463495,0.101263,0.987177,0.505352,0.418978,0.576355,0.542145,0.0629264,0.874574,0.494033,0.389452,0.0607775,0.620402,0.335021,0.976414,0.887784,0.275247,0.0166624,0.323358,0.28608,0.88299,0.234847,0.61686,0.102024,0.530451,0.00363332,0.653128,0.574507,0.720133,0.0101434,0.00551482,0.677537,0.547701,0.58288,0.11215,0.974685,0.672342,0.683607,0.833118,0.919443,0.179771,0.975876,0.744244,0.551597,0.872071,0.111625,0.210288,0.83713,0.754748,0.778246,0.668552],
[0.591834,0.427496,0.304606,0.773709,0.415084,0.0228448,0.730339,0.346654,0.610315,0.195095,0.414606,0.925773,0.211175,0.098577,0.708879,0.901259,0.189048,0.404345,0.164509,0.746786,0.940573,0.957565,0.196355,0.455399,0.85905,0.109354,0.363856,0.819506,0.384143,0.520215,0.502962,0.975977,0.947711,0.807569,0.749686,0,0.71405,0.0628015,0.358655,0.115188,0.232524,0.306682,0.541933,0.960826,0.0845178,0.143302,0.372176,0.98864,0.667571,0.425417,0.0159154,0.701815,0.579622,0.981863,0.215186,0.493487,0.803752,0.640444,0.51184,0.120705,0.811847,0.33046,0.332209,0.636386,0.787456,0.108531,0.376662,0.936693,0.820501,0.0070317,0.0688523,0.980327,0.781081,0.606951,0.381391,0.173361,0.302078,0.238918,0.630377,0.353559,0.569503,0.0117233,0.0203964,0.899882,0.325773,0.108783,0.526129,0.583042,0.15804,0.313531,0.776058,0.532865,0.615541,0.303614,0.127233,0.480439,0.791142,0.644127,0.63447,0.725517],
[0.816135,0.944257,0.510379,0.545261,0.848032,0.0467382,0.160682,0.974437,0.658477,0.563658,0.512521,0.749942,0.918697,0.20907,0.261705,0.183365,0.260438,0.649165,0.216711,0.775979,0.276179,0.838242,0.139837,0.662962,0.55092,0.327988,0.757225,0.162313,0.0901176,0.92176,0.502835,0.906253,0.866018,0.0132141,0.451513,0.71405,0,0.295751,0.564453,0.394535,0.0151678,0.423845,0.99237,0.337382,0.759983,0.374882,0.888158,0.242762,0.717889,0.223468,0.593731,0.268584,0.88091,0.878974,0.906213,0.341707,0.407607,0.447179,0.37545,0.140864,0.101206,0.161091,0.776032,0.371443,0.497612,0.0999458,0.421534,0.523019,0.819644,0.307478,0.173602,0.51869,0.774839,0.228188,0.00499704,0.543866,0.589477,0.325394,0.722465,0.377642,0.288276,0.626931,0.799635,0.322716,0.930117,0.327511,0.315048,0.511155,0.303593,0.32594,0.595922,0.950721,0.0454441,0.833209,0.260947,0.2386,0.241508,0.589286,0.418145,0.300456],
[0.746395,0.67174,0.353801,0.896645,0.13867,0.162702,0.141444,0.0156772,0.70168,0.664157,0.5632,0.619898,0.681496,0.557217,0.193538,0.0317006,0.137566,0.0855606,0.265692,0.632235,0.0531907,0.545782,0.13134,0.0181887,0.374805,0.541135,0.846572,0.765976,0.313132,0.252391,0.779248,0.0595265,0.924131,0.133049,0.956171,0.0628015,0.295751,0,0.587505,0.943549,0.210482,0.0718634,0.0199157,0.918576,0.539513,0.945785,0.524466,0.161642,0.273451,0.355885,0.346698,0.139745,0.853204,0.86074,0.1167,0.185404,0.0438121,0.264503,0.100712,0.618537,0.177175,0.911219,0.683648,0.0127343,0.667652,0.808364,0.918045,0.544268,0.643482,0.761447,0.667081,0.530687,0.477346,0.94038,0.54499,0.616222,0.339234,0.509822,0.393077,0.168449,0.813007,0.210871,0.730816,0.582325,0.185886,0.875167,0.592308,0.00747171,0.97609,0.856404,0.360956,0.606375,0.831799,0.865457,0.483387,0.362509,0.549536,0.0624052,0.574849,0.570538],
[0.0248742,0.932682,0.677168,0.854264,0.706542,0.927198,0.126922,0.679298,0.988095,0.874549,0.988516,0.945418,0.362837,0.26643,0.85236,0.137568,0.644382,0.727108,0.573547,0.663505,0.416235,0.43675,0.636932,0.172132,0.506425,0.624188,0.91893,0.91562,0.581446,0.719431,0.960087,0.60632,0.652113,0.637255,0.460584,0.358655,0.564453,0.587505,0,0.874113,0.886625,0.670403,0.59595,0.274247,0.17846,0.476428,0.995413,0.276081,0.553869,0.430482,0.525139,0.96989,0.115541,0.749611,0.593039,0.882524,0.77615,0.772148,0.474156,0.114141,0.971537,0.852246,0.880523,0.0373661,0.103567,0.158918,0.845759,0.410684,0.00654686,0.993834,0.795655,0.0257974,0.470048,0.413886,0.601785,0.762691,0.60692,0.283011,0.462596,0.963126,0.395473,0.00266012,0.20317,0.202618,0.160967,0.346576,0.00377229,0.378085,0.0649781,0.0604107,0.431632,0.883125,0.363088,0.245893,0.0192641,0.310653,0.144638,0.249716,0.869265,0.89891],
[0.410986,0.70732,0.742677,0.970802,0.0866731,0.349785,0.355509,0.758925,0.307218,0.702676,0.368459,0.342085,0.585849,0.578778,0.87062,0.441779,0.0268165,0.0649564,0.776889,0.336761,0.844024,0.5068,0.090058,0.927253,0.591598,0.893027,0.966758,0.668538,0.206252,0.321194,0.302073,0.617238,0.0285146,0.0447503,0.58804,0.115188,0.394535,0.943549,0.874113,0,0.293306,0.809311,0.255798,0.650646,0.440174,0.874809,0.388326,0.429851,0.677811,0.128823,0.834,0.945054,0.448459,0.905335,0.747641,0.839427,0.448801,0.0496281,0.908818,0.405718,0.393319,0.963483,0.0533696,0.53186,0.0961287,0.837481,0.463961,0.887409,0.297683,0.864579,0.937631,0.245664,0.608629,0.63932,0.346499,0.554494,0.692678,0.0341298,0.745619,0.0491214,0.68194,0.311411,0.366395,0.234593,0.085712,0.0822698,0.757878,0.254549,0.815799,0.453685,0.663495,0.285078,0.997208,0.0407262,0.871276,0.0225789,0.634587,0.651818,0.139304,0.676478],
[0.064877,0.234689,0.954425,0.234194,0.53372,0.659053,0.635585,0.654101,0.278138,0.710829,0.622649,0.876637,0.236815,0.776125,0.298575,0.720343,0.204586,0.471203,0.753012,0.801061,0.361282,0.00335776,0.7718,0.290005,0.773455,0.734042,0.285887,0.108054,0.275827,0.464116,0.40169,0.340704,0.698804,0.356115,0.574897,0.232524,0.0151678,0.210482,0.886625,0.293306,0,0.894565,0.860972,0.00606931,0.786121,0.442995,0.140565,0.876882,0.141395,0.942391,0.00106069,0.686014,0.827297,0.051041,0.768957,0.353893,0.87502,0.39733,0.102269,0.182512,0.518502,0.378541,0.586976,0.886113,0.481456,0.307311,0.207577,0.0129548,0.287845,0.832847,0.718537,0.17115,0.128271,0.262357,0.0783492,0.46429,0.812659,0.221017,0.0857309,0.944287,0.240974,0.148771,0.596673,0.879238,0.792107,0.632306,0.453762,0.149185,0.835329,0.94459,0.476065,0.923063,0.277493,0.431741,0.942532,0.772713,0.0330159,0.973253,0.0191042,0.504258],
[0.267652,0.741843,0.411809,0.387761,0.410082,0.164379,0.665997,0.363721,0.385466,0.822702,0.807347,0.546274,0.610889,0.542018,0.00808465,0.0339152,0.339536,0.0609029,0.865236,0.933942,0.990616,0.212905,0.601062,0.26134,0.478613,0.6816,0.571879,0.0184738,0.750454,0.154757,0.847656,0.0181058,0.8966,0.259466,0.405867,0.306682,0.423845,0.0718634,0.670403,0.809311,0.894565,0,0.783638,0.642992,0.166089,0.0450719,0.844083,0.647703,0.214853,0.891019,0.543783,0.974216,0.578891,0.641864,0.948543,0.151965,0.116376,0.00988683,0.721938,0.68828,0.250344,0.00644268,0.884355,0.220947,0.451152,0.833794,0.520439,0.0430254,0.268949,0.927277,0.886189,0.46316,0.180244,0.926842,0.639495,0.151475,0.723234,0.953158,0.32333,0.665463,0.320117,0.876997,0.169142,0.0444561,0.212326,0.420954,0.591624,0.963163,0.685067,0.766304,0.502004,0.0271687,0.816096,0.199284,0.087323,0.0322493,0.0938155,0.0444632,0.654743,0.248033],
[0.14049,0.525052,0.278836,0.857253,0.279651,0.0892972,0.0794696,0.0540174,0.263428,0.841056,0.187688,0.862132,0.0072486,0.614605,0.876025,0.790952,0.935828,0.566447,0.670778,0.83296,0.505276,0.665202,0.0564517,0.84727,0.621879,0.624411,0.489027,0.800276,0.942704,0.73723,0.624236,0.0831936,0.262282,0.903073,0.940446,0.541933,0.99237,0.0199157,0.59595,0.255798,0.860972,0.783638,0,0.828982,0.529502,0.99323,0.703326,0.888707,0.137373,0.404198,0.481049,0.311082,0.336315,0.0780282,0.498906,0.963748,0.260015,0.227152,0.85499,0.0664305,0.932583,0.682393,0.555563,0.557321,0.285031,0.40813,0.268992,0.825676,0.972406,0.798448,0.12795,0.695855,0.221909,0.632148,0.358801,0.63425,0.033654,0.671068,0.256587,0.910909,0.187565,0.129515,0.715936,0.381848,0.290789,0.507606,0.244584,0.613095,0.355467,0.952742,0.221203,0.605635,0.33745,0.887599,0.00567945,0.7701,0.426702,0.918042,0.757592,0.519349],
[0.606506,0.26916,0.697883,0.301631,0.592169,0.00859596,0.864976,0.313421,0.313264,0.0874933,0.368744,0.178335,0.639961,0.591098,0.109085,0.187581,0.0369349,0.952783,0.352231,0.330665,0.198458,0.934188,0.414991,0.583338,0.557688,0.373109,0.369707,0.125803,0.145463,0.0994964,0.630903,0.751969,0.368657,0.328786,0.0536,0.960826,0.337382,0.918576,0.274247,0.650646,0.00606931,0.642992,0.828982,0,0.96368,0.114073,0.776303,0.804555,0.67393,0.248439,0.568092,0.112547,0.00969224,0.557306,0.838395,0.407303,0.0273587,0.84457,0.720002,0.838536,0.116618,0.285385,0.189504,0.456889,0.783711,0.159623,0.21867,0.829284,0.53516,0.665624,0.988964,0.346597,0.70773,0.975168,0.684679,0.58308,0.688458,0.167493,0.294096,0.209431,0.799174,0.948877,0.82348,0.46263,0.349632,0.287194,0.736019,0.146759,0.227938,0.168662,0.537828,0.0783062,0.541584,0.781053,0.790405,0.301001,0.61284,0.793801,0.197523,0.457154],
