param eig1 := -176.532;

param eig2 := -45;

param G := 6 ;

param m := 450 ;

param n := 18 ;

param c :=
     1    2
     2    4
     3    2
     4    4
     5    4
     6    2
     7    4
     8    3
     9    3
    10    4
    11    3
    12    2
    13    4
    14    4
    15    3
    16    3
    17    4
    18    3
    19    3
    20    3
    21    3
    22    3
    23    3
    24    3
    25    3
    26    3
    27    3
    28    4
    29    3
    30    3
    31    4
    32    3
    33    3
    34    3
    35    3
    36    4
    37    3
    38    3
    39    2
    40    3
    41    4
    42    3
    43    3
    44    2
    45    3
    46    3
    47    3
    48    3
    49    3
    50    3
    51    3
    52    2
    53    4
    54    4
    55    2
    56    3
    57    2
    58    2
    59    2
    60    2
    61    3
    62    4
    63    4
    64    3
    65    4
    66    4
    67    4
    68    2
    69    3
    70    3
    71    3
    72    3
    73    3
    74    3
    75    3
    76    3
    77    3
    78    3
    79    3
    80    3
    81    2
    82    3
    83    3
    84    3
    85    3
    86    3
    87    3
    88    3
    89    3
    90    3
    91    4
    92    2
    93    3
    94    3
    95    3
    96    2
    97    2
    98    3
    99    4
   100    4
   101    3
   102    3
   103    3
   104    2
   105    3
   106    4
   107    3
   108    2
   109    4
   110    3
   111    3
   112    2
   113    3
   114    4
   115    4
   116    3
   117    2
   118    3
   119    3
   120    3
   121    3
   122    2
   123    3
   124    2
   125    3
   126    3
   127    4
   128    3
   129    2
   130    3
   131    2
   132    3
   133    3
   134    3
   135    3
   136    4
   137    2
   138    3
   139    3
   140    3
   141    3
   142    4
   143    2
   144    3
   145    2
   146    4
   147    3
   148    4
   149    3
   150    2
   151    3
   152    3
   153    4
   154    3
   155    3
   156    3
   157    4
   158    4
   159    3
   160    3
   161    3
   162    3
   163    3
   164    3
   165    3
   166    4
   167    3
   168    3
   169    3
   170    3
   171    3
   172    2
   173    3
   174    3
   175    3
   176    3
   177    3
   178    3
   179    3
   180    3
   181    3
   182    4
   183    2
   184    3
   185    3
   186    3
   187    2
   188    3
   189    3
   190    3
   191    3
   192    2
   193    4
   194    3
   195    3
   196    4
   197    3
   198    2
   199    2
   200    4
   201    3
   202    2
   203    3
   204    4
   205    2
   206    3
   207    3
   208    2
   209    4
   210    3
   211    4
   212    2
   213    4
   214    3
   215    3
   216    4
   217    3
   218    3
   219    4
   220    2
   221    3
   222    3
   223    2
   224    3
   225    3
   226    2
   227    3
   228    4
   229    3
   230    3
   231    3
   232    4
   233    3
   234    2
   235    2
   236    2
   237    2
   238    4
   239    3
   240    3
   241    3
   242    3
   243    3
   244    4
   245    3
   246    3
   247    3
   248    3
   249    4
   250    3
   251    3
   252    2
   253    3
   254    3
   255    3
   256    2
   257    3
   258    3
   259    3
   260    2
   261    3
   262    4
   263    3
   264    4
   265    3
   266    2
   267    4
   268    2
   269    3
   270    2
   271    3
   272    3
   273    3
   274    4
   275    3
   276    3
   277    2
   278    3
   279    2
   280    3
   281    3
   282    3
   283    3
   284    3
   285    2
   286    4
   287    3
   288    2
   289    3
   290    2
   291    3
   292    3
   293    3
   294    3
   295    4
   296    4
   297    3
   298    2
   299    2
   300    3
   301    3
   302    3
   303    3
   304    3
   305    3
   306    3
   307    3
   308    3
   309    3
   310    3
   311    3
   312    3
   313    4
   314    2
   315    3
   316    4
   317    2
   318    4
   319    2
   320    3
   321    2
   322    4
   323    3
   324    3
   325    3
   326    3
   327    3
   328    3
   329    3
   330    2
   331    4
   332    3
   333    3
   334    3
   335    4
   336    3
   337    3
   338    3
   339    3
   340    2
   341    4
   342    4
   343    2
   344    3
   345    3
   346    3
   347    3
   348    3
   349    3
   350    3
   351    2
   352    3
   353    3
   354    4
   355    2
   356    3
   357    2
   358    2
   359    3
   360    3
   361    3
   362    3
   363    3
   364    3
   365    3
   366    2
   367    4
   368    3
   369    3
   370    3
   371    3
   372    3
   373    2
   374    2
   375    3
   376    2
   377    2
   378    3
   379    3
   380    3
   381    3
   382    3
   383    3
   384    2
   385    3
   386    2
   387    3
   388    3
   389    3
   390    2
   391    3
   392    3
   393    4
   394    3
   395    3
   396    3
   397    3
   398    3
   399    3
   400    3
   401    3
   402    3
   403    3
   404    4
   405    2
   406    3
   407    3
   408    3
   409    3
   410    3
   411    3
   412    4
   413    2
   414    3
   415    3
   416    3
   417    3
   418    2
   419    3
   420    3
   421    2
   422    3
   423    4
   424    3
   425    3
   426    3
   427    3
   428    4
   429    3
   430    3
   431    3
   432    3
   433    3
   434    3
   435    3
   436    3
   437    3
   438    4
   439    3
   440    3
   441    3
   442    2
   443    3
   444    3
   445    3
   446    3
   447    2
   448    3
   449    3
   450    4 ;

param d :=
  [1,*,*]:         1         2         3         4         5         6         7         8         9        10        11        12        13        14        15        16        17        18  :=
     1             0   0.94619   0.99286   0.98393   0.93523   0.98007   0.95958   0.81243   0.96307   0.87504   0.96488   0.94858   0.88114    0.9998   0.97157   0.94366   0.78964         1
     2       0.94619         0   0.97645   0.98266   0.97268         1         1   0.97703   0.82119   0.95446   0.84101   0.80616         1   0.79864         1   0.94077         1   0.84613
     3       0.99286   0.97645         0   0.82279         1   0.84866   0.81887         1         1         1         1         1    0.9387         1   0.82537   0.79304         1    0.9272
     4       0.98393   0.98266   0.82279         0   0.88939   0.87058   0.84112   0.98092         1   0.94906         1         1   0.97673         1   0.81734   0.76168         1   0.98281
     5       0.93523   0.97268         1   0.88939         0         1         1   0.92818     0.899   0.81545         1    0.9176   0.85418         1         1     0.931   0.96644         1
     6       0.98007         1   0.84866   0.87058         1         0    0.8694         1         1         1         1         1   0.89572         1   0.88186   0.83705   0.97545         1
     7       0.95958         1   0.81887   0.84112         1    0.8694         0   0.99193         1   0.96448         1   0.90976   0.99648   0.94933   0.83463   0.81087         1   0.98355
     8       0.81243   0.97703         1   0.98092   0.92818         1   0.99193         0         1   0.92037   0.90504         1   0.83462         1   0.94082         1   0.78894   0.99041
     9       0.96307   0.82119         1         1     0.899         1         1         1         0   0.92678   0.85092   0.86195   0.95836   0.79719   0.99174         1         1   0.78665
    10       0.87504   0.95446         1   0.94906   0.81545         1   0.96448   0.92037   0.92678         0   0.95143    0.9835   0.83908   0.98953         1   0.95433   0.87001         1
    11       0.96488   0.84101         1         1         1         1         1   0.90504   0.85092   0.95143         0   0.78678   0.99767   0.83938   0.99028   0.96304   0.99066   0.83258
    12       0.94858   0.80616         1         1    0.9176         1   0.90976         1   0.86195    0.9835   0.78678         0   0.95446   0.90491         1         1         1   0.70816
    13       0.88114         1    0.9387   0.97673   0.85418   0.89572   0.99648   0.83462   0.95836   0.83908   0.99767   0.95446         0         1    0.8987         1   0.77171   0.89424
    14        0.9998   0.79864         1         1         1         1   0.94933         1   0.79719   0.98953   0.83938   0.90491         1         0         1   0.99444   0.99017   0.89362
    15       0.97157         1   0.82537   0.81734         1   0.88186   0.83463   0.94082   0.99174         1   0.99028         1    0.8987         1         0   0.82468   0.94097   0.96149
    16       0.94366   0.94077   0.79304   0.76168     0.931   0.83705   0.81087         1         1   0.95433   0.96304         1         1   0.99444   0.82468         0         1   0.97994
    17       0.78964         1         1         1   0.96644   0.97545         1   0.78894         1   0.87001   0.99066         1   0.77171   0.99017   0.94097         1         0   0.99389
    18             1   0.84613    0.9272   0.98281         1         1   0.98355   0.99041   0.78665         1   0.83258   0.70816   0.89424   0.89362   0.96149   0.97994   0.99389         0
  [2,*,*]:         1         2         3         4         5         6         7         8         9        10        11        12        13        14        15        16        17        18  :=
     1             0   0.99554         1   0.89517   0.92426         1    0.9887    0.9683   0.74619   0.81166   0.99146   0.89909   0.94066   0.80077   0.82752         1   0.95204   0.95979
     2       0.99554         0    0.9831         1   0.99457   0.81797   0.79934         1   0.95902         1   0.96861   0.86329         1         1         1   0.85541   0.79923         1
     3             1    0.9831         0   0.98537   0.79616         1   0.96985   0.74198         1   0.95165   0.81871         1   0.82387   0.93322   0.80339   0.88314   0.98382   0.86447
     4       0.89517         1   0.98537         0         1         1   0.98286   0.89563   0.82802    0.8108         1         1         1   0.90199   0.82298         1         1   0.97475
     5       0.92426   0.99457   0.79616         1         0         1   0.93149   0.82026   0.99439         1   0.83051   0.98893   0.80986    0.9694    0.9399         1   0.98994   0.84897
     6             1   0.81797         1         1         1         0   0.84826   0.95238    0.9965   0.94795         1   0.82175   0.98039   0.99164         1   0.83641   0.82334    0.9093
     7        0.9887   0.79934   0.96985   0.98286   0.93149   0.84826         0    0.9657         1         1   0.93489   0.90562         1         1         1   0.81287   0.82808         1
     8        0.9683         1   0.74198   0.89563   0.82026   0.95238    0.9657         0   0.96791   0.99414   0.81956   0.97987   0.84182   0.95644   0.94934         1         1   0.82668
     9       0.74619   0.95902         1   0.82802   0.99439    0.9965         1   0.96791         0   0.72312         1   0.95878   0.89861   0.69118   0.73028         1         1         1
    10       0.81166         1   0.95165    0.8108         1   0.94795         1   0.99414   0.72312         0         1         1   0.94373   0.78501   0.84226   0.93344         1    0.9644
    11       0.99146   0.96861   0.81871         1   0.83051         1   0.93489   0.81956         1         1         0   0.97579   0.83766         1   0.99142         1         1   0.70844
    12       0.89909   0.86329         1         1   0.98893   0.82175   0.90562   0.97987   0.95878         1   0.97579         0   0.93442   0.96443         1   0.90293   0.80254   0.91591
    13       0.94066         1   0.82387         1   0.80986   0.98039         1   0.84182   0.89861   0.94373   0.83766   0.93442         0         1   0.95515         1         1   0.90977
    14       0.80077         1   0.93322   0.90199    0.9694   0.99164         1   0.95644   0.69118   0.78501         1   0.96443         1         0   0.74371         1         1         1
    15       0.82752         1   0.80339   0.82298    0.9399         1         1   0.94934   0.73028   0.84226   0.99142         1   0.95515   0.74371         0         1         1   0.99899
    16             1   0.85541   0.88314         1         1   0.83641   0.81287         1         1   0.93344         1   0.90293         1         1         1         0   0.79676         1
    17       0.95204   0.79923   0.98382         1   0.98994   0.82334   0.82808         1         1         1         1   0.80254         1         1         1   0.79676         0         1
    18       0.95979         1   0.86447   0.97475   0.84897    0.9093         1   0.82668         1    0.9644   0.70844   0.91591   0.90977         1   0.99899         1         1         0
  [3,*,*]:         1         2         3         4         5         6         7         8         9        10        11        12        13        14        15        16        17        18  :=
     1             0   0.82889   0.82229   0.97364   0.87835         1         1   0.84091    0.9884         1   0.98797   0.95801         1    0.9182   0.95426   0.80503   0.93256   0.94902
     2       0.82889         0   0.78506   0.98483   0.96078   0.99084   0.98404   0.86589         1         1         1   0.95301   0.92078         1   0.90524   0.85558   0.99322         1
     3       0.82229   0.78506         0         1   0.70079         1         1   0.76225         1         1   0.97984         1   0.92731   0.93035         1   0.81528         1   0.97896
     4       0.97364   0.98483         1         0         1   0.97142   0.93658   0.97047   0.88441    0.7831   0.95484   0.91265   0.88769   0.78405   0.95316   0.97723    0.9313   0.95267
     5       0.87835   0.96078   0.70079         1         0         1         1   0.93604    0.9956   0.91346   0.99003         1   0.99576         1   0.95122   0.87322         1    0.9284
     6             1   0.99084         1   0.97142         1         0   0.80771   0.99917         1         1   0.87218    0.9994   0.99162    0.9516   0.77248         1   0.90743   0.82083
     7             1   0.98404         1   0.93658         1   0.80771         0         1   0.97758         1   0.82662   0.97121   0.93709   0.87442   0.81235         1   0.80405   0.78302
     8       0.84091   0.86589   0.76225   0.97047   0.93604   0.99917         1         0   0.98591         1   0.94232         1   0.99393   0.99859         1   0.91741         1   0.96688
     9        0.9884         1         1   0.88441    0.9956         1   0.97758   0.98591         0   0.82512         1   0.82267   0.74842   0.92773         1         1         1         1
    10             1         1         1    0.7831   0.91346         1         1         1   0.82512         0         1   0.78657   0.81903   0.86872         1   0.98581   0.97797   0.93598
    11       0.98797         1   0.97984   0.95484   0.99003   0.87218   0.82662   0.94232         1         1         0         1   0.96534   0.98109   0.89214         1   0.81085    0.8595
    12       0.95801   0.95301         1   0.91265         1    0.9994   0.97121         1   0.82267   0.78657         1         0   0.84984   0.81776         1         1   0.94736   0.97613
    13             1   0.92078   0.92731   0.88769   0.99576   0.99162   0.93709   0.99393   0.74842   0.81903   0.96534   0.84984         0   0.88075   0.99155   0.98687   0.96511         1
    14        0.9182         1   0.93035   0.78405         1    0.9516   0.87442   0.99859   0.92773   0.86872   0.98109   0.81776   0.88075         0         1         1   0.91729         1
    15       0.95426   0.90524         1   0.95316   0.95122   0.77248   0.81235         1         1         1   0.89214         1   0.99155         1         0   0.97768   0.82491   0.86206
    16       0.80503   0.85558   0.81528   0.97723   0.87322         1         1   0.91741         1   0.98581         1         1   0.98687         1   0.97768         0   0.94602         1
    17       0.93256   0.99322         1    0.9313         1   0.90743   0.80405         1         1   0.97797   0.81085   0.94736   0.96511   0.91729   0.82491   0.94602         0    0.8233
    18       0.94902         1   0.97896   0.95267    0.9284   0.82083   0.78302   0.96688         1   0.93598    0.8595   0.97613         1         1   0.86206         1    0.8233         0
  [4,*,*]:         1         2         3         4         5         6         7         8         9        10        11        12        13        14        15        16        17        18  :=
     1             0         1    0.9624   0.87613   0.98405         1   0.92875   0.96098   0.79736   0.78599         1   0.88539   0.85153    0.9218   0.93455   0.92865     0.988         1
     2             1         0   0.74728         1   0.73125         1   0.97201         1   0.99461    0.9466   0.98133   0.94414         1   0.84779    0.8076   0.86356         1   0.91878
     3        0.9624   0.74728         0         1   0.81096         1   0.97201         1   0.99924         1   0.92809         1   0.96315   0.79919   0.81588   0.94003   0.98972   0.99518
     4       0.87613         1         1         0   0.93104         1   0.91904   0.98878   0.82668    0.8918    0.9706   0.94361   0.81222    0.9762   0.98878    0.9658   0.98101   0.95964
     5       0.98405   0.73125   0.81096   0.93104         0   0.99181   0.97714   0.96958         1         1         1         1         1   0.80015   0.93574   0.78091         1         1
     6             1         1         1         1   0.99181         0   0.76877   0.85053         1   0.97519   0.82148   0.99262   0.98734    0.9517         1         1   0.84191   0.83101
     7       0.92875   0.97201   0.97201   0.91904   0.97714   0.76877         0   0.86393         1   0.95871   0.87067   0.98425   0.95073         1         1   0.99055   0.82241   0.82669
     8       0.96098         1         1   0.98878   0.96958   0.85053   0.86393         0         1   0.89053   0.91332         1   0.96169         1   0.99833         1   0.89482   0.84088
     9       0.79736   0.99461   0.99924   0.82668         1         1         1         1         0    0.9356   0.98425   0.81292    0.8748         1         1   0.98406   0.92979         1
    10       0.78599    0.9466         1    0.8918         1   0.97519   0.95871   0.89053    0.9356         0         1   0.87895   0.88028         1   0.97671         1   0.94746         1
    11             1   0.98133   0.92809    0.9706         1   0.82148   0.87067   0.91332   0.98425         1         0         1         1   0.92337   0.96806         1   0.86047   0.86057
    12       0.88539   0.94414         1   0.94361         1   0.99262   0.98425         1   0.81292   0.87895         1         0   0.84482   0.97448    0.9564   0.99025   0.98606   0.93947
    13       0.85153         1   0.96315   0.81222         1   0.98734   0.95073   0.96169    0.8748   0.88028         1   0.84482         0   0.92056         1         1   0.94524         1
    14        0.9218   0.84779   0.79919    0.9762   0.80015    0.9517         1         1         1         1   0.92337   0.97448   0.92056         0   0.79308   0.77282         1         1
    15       0.93455    0.8076   0.81588   0.98878   0.93574         1         1   0.99833         1   0.97671   0.96806    0.9564         1   0.79308         0   0.83447         1         1
    16       0.92865   0.86356   0.94003    0.9658   0.78091         1   0.99055         1   0.98406         1         1   0.99025         1   0.77282   0.83447         0         1    0.9914
    17         0.988         1   0.98972   0.98101         1   0.84191   0.82241   0.89482   0.92979   0.94746   0.86047   0.98606   0.94524         1         1         1         0    0.9523
    18             1   0.91878   0.99518   0.95964         1   0.83101   0.82669   0.84088         1         1   0.86057   0.93947         1         1         1    0.9914    0.9523         0
  [5,*,*]:         1         2         3         4         5         6         7         8         9        10        11        12        13        14        15        16        17        18  :=
     1             0    0.9636   0.84612   0.80431   0.97189   0.92672         1   0.97916         1   0.80448   0.76889     0.991   0.98164         1   0.84121   0.90199   0.99472         1
     2        0.9636         0   0.89101         1   0.89224   0.83609         1   0.85079    0.9824         1   0.96038   0.95329   0.87351   0.81467   0.99084         1         1   0.96058
     3       0.84612   0.89101         0   0.87637         1         1         1   0.98865         1   0.79843   0.84958         1         1   0.95152   0.81548   0.99065   0.95417   0.93122
     4       0.80431         1   0.87637         0         1         1         1   0.92332   0.96668   0.84265   0.83091         1   0.93494         1   0.78032   0.94633   0.99511         1
     5       0.97189   0.89224         1         1         0   0.84457    0.9079   0.84528         1         1         1         1   0.87857   0.74505         1   0.98263   0.97233         1
     6       0.92672   0.83609         1         1   0.84457         0   0.93577   0.81778   0.94473   0.95194         1         1   0.72672   0.78988   0.98809   0.94816   0.93921         1
     7             1         1         1         1    0.9079   0.93577         0   0.99915   0.87723   0.94719         1   0.75865   0.87787         1         1   0.89211   0.86873    0.8662
     8       0.97916   0.85079   0.98865   0.92332   0.84528   0.81778   0.99915         0   0.99922         1   0.97309   0.99417   0.83925   0.84083   0.93387         1         1   0.99825
     9             1    0.9824         1   0.96668         1   0.94473   0.87723   0.99922         0         1   0.97271   0.82315         1         1         1   0.75608   0.70454    0.8685
    10       0.80448         1   0.79843   0.84265         1   0.95194   0.94719         1         1         0   0.94613         1         1         1   0.83209         1         1   0.97544
    11       0.76889   0.96038   0.84958   0.83091         1         1         1   0.97309   0.97271   0.94613         0         1   0.98053         1   0.82835   0.97179   0.98372   0.98466
    12         0.991   0.95329         1         1         1         1   0.75865   0.99417   0.82315         1         1         0   0.96187         1         1   0.88989   0.81782    0.7985
    13       0.98164   0.87351         1   0.93494   0.87857   0.72672   0.87787   0.83925         1         1   0.98053   0.96187         0   0.86167   0.93303   0.93526         1         1
    14             1   0.81467   0.95152         1   0.74505   0.78988         1   0.84083         1         1         1         1   0.86167         0   0.98771         1         1   0.95969
    15       0.84121   0.99084   0.81548   0.78032         1   0.98809         1   0.93387         1   0.83209   0.82835         1   0.93303   0.98771         0         1   0.97227   0.95723
    16       0.90199         1   0.99065   0.94633   0.98263   0.94816   0.89211         1   0.75608         1   0.97179   0.88989   0.93526         1         1         0   0.82375   0.82331
    17       0.99472         1   0.95417   0.99511   0.97233   0.93921   0.86873         1   0.70454         1   0.98372   0.81782         1         1   0.97227   0.82375         0   0.81448
    18             1   0.96058   0.93122         1         1         1    0.8662   0.99825    0.8685   0.97544   0.98466    0.7985         1   0.95969   0.95723   0.82331   0.81448         0
  [6,*,*]:         1         2         3         4         5         6         7         8         9        10        11        12        13        14        15        16        17        18  :=
     1             0   0.86171   0.93227         1   0.98939   0.97474   0.81926   0.83528   0.80956         1   0.77929   0.99018     0.994         1         1   0.99557   0.98913         1
     2       0.86171         0         1         1         1   0.93036   0.80526   0.89579   0.82345         1   0.87775   0.99274         1         1         1         1   0.97264         1
     3       0.93227         1         0   0.85998   0.94141   0.84923    0.9921         1         1         1   0.94821         1   0.79843   0.92528   0.97576   0.98929   0.84531   0.97126
     4             1         1   0.85998         0         1   0.80839   0.99016         1   0.97871   0.97292   0.98542   0.86449   0.86504   0.72699    0.9884   0.99876    0.8692   0.98585
     5       0.98939         1   0.94141         1         0   0.97647         1         1         1   0.89422         1   0.89518         1   0.90827   0.87513    0.8488         1   0.82171
     6       0.97474   0.93036   0.84923   0.80839   0.97647         0         1         1   0.98531         1         1         1   0.80026   0.90054   0.96569   0.95296   0.84347         1
     7       0.81926   0.80526    0.9921   0.99016         1         1         0   0.86215   0.84238   0.96904   0.84348         1   0.97078   0.96851         1   0.99135         1         1
     8       0.83528   0.89579         1         1         1         1   0.86215         0   0.84931         1   0.90507   0.96777   0.95817   0.99555   0.92697         1   0.98726         1
     9       0.80956   0.82345         1   0.97871         1   0.98531   0.84238   0.84931         0         1   0.86655   0.93263   0.99551    0.9585         1    0.9116   0.87559         1
    10             1         1         1   0.97292   0.89422         1   0.96904         1         1         0         1   0.85856   0.93802   0.99626   0.91316   0.89861         1   0.81944
    11       0.77929   0.87775   0.94821   0.98542         1         1   0.84348   0.90507   0.86655         1         0         1   0.97533         1    0.9632         1         1   0.95407
    12       0.99018   0.99274         1   0.86449   0.89518         1         1   0.96777   0.93263   0.85856         1         0         1         1   0.81172   0.87934   0.98941   0.74576
    13         0.994         1   0.79843   0.86504         1   0.80026   0.97078   0.95817   0.99551   0.93802   0.97533         1         0   0.80767         1         1   0.75226   0.95053
    14             1         1   0.92528   0.72699   0.90827   0.90054   0.96851   0.99555    0.9585   0.99626         1         1   0.80767         0         1         1   0.86255    0.9829
    15             1         1   0.97576    0.9884   0.87513   0.96569         1   0.92697         1   0.91316    0.9632   0.81172         1         1         0    0.9383         1   0.81662
    16       0.99557         1   0.98929   0.99876    0.8488   0.95296   0.99135         1    0.9116   0.89861         1   0.87934         1         1    0.9383         0   0.99295   0.82503
    17       0.98913   0.97264   0.84531    0.8692         1   0.84347         1   0.98726   0.87559         1         1   0.98941   0.75226   0.86255         1   0.99295         0   0.94219
    18             1         1   0.97126   0.98585   0.82171         1         1         1         1   0.81944   0.95407   0.74576   0.95053    0.9829   0.81662   0.82503   0.94219         0
  [7,*,*]:         1         2         3         4         5         6         7         8         9        10        11        12        13        14        15        16        17        18  :=
     1             0         1   0.97499   0.97167   0.86605         1         1   0.83369   0.96811   0.85405         1   0.97337   0.76163         1   0.98922         1   0.84506         1
     2             1         0    0.9794         1   0.87529   0.96394         1   0.99859   0.88421         1   0.91321   0.81164   0.99307   0.80746   0.94482         1   0.96775   0.80711
     3       0.97499    0.9794         0   0.86212         1   0.83549   0.86303         1   0.93099         1   0.96797   0.90614   0.87418         1   0.93118   0.83627   0.89232   0.95624
     4       0.97167         1   0.86212         0     0.973   0.82858   0.88591   0.99745    0.9794         1         1   0.97908   0.98296         1    0.8036   0.76577         1         1
     5       0.86605   0.87529         1     0.973         0         1         1   0.79505         1   0.89629         1    0.9519   0.76765   0.95081   0.93765   0.99327   0.89439         1
     6             1   0.96394   0.83549   0.82858         1         0   0.80123   0.94681         1         1    0.9121   0.99378         1         1   0.86939   0.82495         1   0.94161
     7             1         1   0.86303   0.88591         1   0.80123         0   0.90397         1         1         1   0.97509         1   0.90231   0.82534   0.70339         1         1
     8       0.83369   0.99859         1   0.99745   0.79505   0.94681   0.90397         0         1   0.82513         1   0.92049   0.87693   0.98939         1         1    0.9083         1
     9       0.96811   0.88421   0.93099    0.9794         1         1         1         1         0         1    0.9073   0.75381         1   0.78607         1   0.92866         1   0.88481
    10       0.85405         1         1         1   0.89629         1         1   0.82513         1         0   0.99091         1   0.81178         1         1   0.93714   0.83035         1
    11             1   0.91321   0.96797         1         1    0.9121         1         1    0.9073   0.99091         0   0.97116         1    0.8173   0.99055    0.9026   0.98001   0.81009
    12       0.97337   0.81164   0.90614   0.97908    0.9519   0.99378   0.97509   0.92049   0.75381         1   0.97116         0         1   0.88185   0.97609   0.97505   0.94817   0.85165
    13       0.76163   0.99307   0.87418   0.98296   0.76765         1         1   0.87693         1   0.81178         1         1         0         1         1   0.98145   0.79365    0.9873
    14             1   0.80746         1         1   0.95081         1   0.90231   0.98939   0.78607         1    0.8173   0.88185         1         0         1         1         1   0.85094
    15       0.98922   0.94482   0.93118    0.8036   0.93765   0.86939   0.82534         1         1         1   0.99055   0.97609         1         1         0   0.83183         1         1
    16             1         1   0.83627   0.76577   0.99327   0.82495   0.70339         1   0.92866   0.93714    0.9026   0.97505   0.98145         1   0.83183         0   0.96454   0.94659
    17       0.84506   0.96775   0.89232         1   0.89439         1         1    0.9083         1   0.83035   0.98001   0.94817   0.79365         1         1   0.96454         0   0.97358
    18             1   0.80711   0.95624         1         1   0.94161         1         1   0.88481         1   0.81009   0.85165    0.9873   0.85094         1   0.94659   0.97358         0
  [8,*,*]:         1         2         3         4         5         6         7         8         9        10        11        12        13        14        15        16        17        18  :=
     1             0   0.95514   0.88961   0.80778   0.99257         1   0.94411   0.96199    0.8236   0.82622   0.97925    0.9845   0.95879   0.78767   0.89635   0.98225         1         1
     2       0.95514         0         1   0.93653         1   0.92121   0.93384   0.99387   0.97435   0.90822         1   0.79415         1   0.98042   0.93315   0.74854   0.80533   0.95757
     3       0.88961         1         0   0.82852   0.86746         1   0.92543    0.8226         1   0.99816   0.77438   0.99962   0.82722         1   0.95494   0.98219         1    0.8184
     4       0.80778   0.93653   0.82852         0   0.98365   0.96115   0.94831   0.98594   0.88009   0.80585         1   0.94763         1   0.88854    0.7238   0.98733    0.9921         1
     5       0.99257         1   0.86746   0.98365         0         1    0.9353   0.88001   0.97971         1   0.85041         1   0.90818         1         1    0.9975         1   0.81536
     6             1   0.92121         1   0.96115         1         0   0.93847   0.98227    0.9504   0.97785    0.9843   0.91793    0.9677         1         1   0.85232   0.84412   0.98757
     7       0.94411   0.93384   0.92543   0.94831    0.9353   0.93847         0         1   0.97105         1         1   0.77415   0.97098   0.97524         1   0.76426   0.95397   0.95652
     8       0.96199   0.99387    0.8226   0.98594   0.88001   0.98227         1         0         1         1    0.7312         1   0.78139   0.97789         1   0.99698   0.91159   0.77098
     9        0.8236   0.97435         1   0.88009   0.97971    0.9504   0.97105         1         0   0.79965   0.95976   0.96777     0.908   0.79139   0.94076         1         1   0.99981
    10       0.82622   0.90822   0.99816   0.80585         1   0.97785         1         1   0.79965         0         1         1   0.97679   0.83653   0.87622         1         1    0.9917
    11       0.97925         1   0.77438         1   0.85041    0.9843         1    0.7312   0.95976         1         0   0.98807   0.85282   0.96866   0.91938   0.88251         1   0.81698
    12        0.9845   0.79415   0.99962   0.94763         1   0.91793   0.77415         1   0.96777         1   0.98807         0         1   0.91194   0.95058   0.84108   0.85021         1
    13       0.95879         1   0.82722         1   0.90818    0.9677   0.97098   0.78139     0.908   0.97679   0.85282         1         0         1   0.97725         1         1   0.71707
    14       0.78767   0.98042         1   0.88854         1         1   0.97524   0.97789   0.79139   0.83653   0.96866   0.91194         1         0    0.8937   0.97145         1   0.98875
    15       0.89635   0.93315   0.95494    0.7238         1         1         1         1   0.94076   0.87622   0.91938   0.95058   0.97725    0.8937         0   0.98158         1   0.96575
    16       0.98225   0.74854   0.98219   0.98733    0.9975   0.85232   0.76426   0.99698         1         1   0.88251   0.84108         1   0.97145   0.98158         0   0.89133   0.97972
    17             1   0.80533         1    0.9921         1   0.84412   0.95397   0.91159         1         1         1   0.85021         1         1         1   0.89133         0   0.94852
    18             1   0.95757    0.8184         1   0.81536   0.98757   0.95652   0.77098   0.99981    0.9917   0.81698         1   0.71707   0.98875   0.96575   0.97972   0.94852         0
  [9,*,*]:         1         2         3         4         5         6         7         8         9        10        11        12        13        14        15        16        17        18  :=
     1             0   0.86988   0.76851         1   0.78679         1   0.91981   0.81664         1   0.97109         1   0.92529         1   0.89844         1   0.85202   0.97942         1
     2       0.86988         0     0.869         1   0.83262         1   0.91136   0.91217         1   0.97448   0.90635    0.9831         1   0.97267   0.98763   0.79894         1         1
     3       0.76851     0.869         0   0.97335   0.85593   0.91262         1   0.93469         1         1   0.93622   0.90305         1   0.87394   0.95521   0.92343         1   0.94497
     4             1         1   0.97335         0   0.99775   0.95483   0.95519   0.91838   0.83883   0.78313         1   0.84597   0.89034   0.77329   0.90021         1         1   0.91967
     5       0.78679   0.83262   0.85593   0.99775         0   0.92198         1   0.77484         1    0.9633         1   0.95928    0.9474   0.98173         1   0.87584   0.94211   0.95541
     6             1         1   0.91262   0.95483   0.92198         0   0.76048   0.90793         1         1   0.71962   0.95839         1         1   0.84526         1   0.87058   0.84429
     7       0.91981   0.91136         1   0.95519         1   0.76048         0         1         1   0.97105   0.78926    0.9721   0.90523         1   0.82888   0.94405   0.79566   0.82371
     8       0.81664   0.91217   0.93469   0.91838   0.77484   0.90793         1         0         1   0.99762         1   0.95792         1         1         1    0.8383   0.94902   0.96515
     9             1         1         1   0.83883         1         1         1         1         0   0.89536         1   0.71514   0.84293      0.84         1         1         1   0.97516
    10       0.97109   0.97448         1   0.78313    0.9633         1   0.97105   0.99762   0.89536         0   0.99463   0.87752   0.85099   0.78061         1   0.95859   0.98013   0.92454
    11             1   0.90635   0.93622         1         1   0.71962   0.78926         1         1   0.99463         0   0.98951         1   0.92782   0.79622   0.99431   0.78578   0.90979
    12       0.92529    0.9831   0.90305   0.84597   0.95928   0.95839    0.9721   0.95792   0.71514   0.87752   0.98951         0   0.86757   0.81448   0.96388   0.93544   0.98528         1
    13             1         1         1   0.89034    0.9474         1   0.90523         1   0.84293   0.85099         1   0.86757         0   0.78708   0.96009         1         1         1
    14       0.89844   0.97267   0.87394   0.77329   0.98173         1         1         1      0.84   0.78061   0.92782   0.81448   0.78708         0         1   0.97751   0.96562         1
    15             1   0.98763   0.95521   0.90021         1   0.84526   0.82888         1         1         1   0.79622   0.96388   0.96009         1         0         1   0.82465   0.85753
    16       0.85202   0.79894   0.92343         1   0.87584         1   0.94405    0.8383         1   0.95859   0.99431   0.93544         1   0.97751         1         0   0.98909   0.95895
    17       0.97942         1         1         1   0.94211   0.87058   0.79566   0.94902         1   0.98013   0.78578   0.98528         1   0.96562   0.82465   0.98909         0    0.7363
    18             1         1   0.94497   0.91967   0.95541   0.84429   0.82371   0.96515   0.97516   0.92454   0.90979         1         1         1   0.85753   0.95895    0.7363         0
  [10,*,*]:         1         2         3         4         5         6         7         8         9        10        11        12        13        14        15        16        17        18  :=
     1             0   0.97229   0.92473   0.80567    0.9831         1         1         1   0.84612   0.83062         1   0.85007   0.80717   0.97929         1         1         1   0.91723
     2       0.97229         0   0.81344   0.97771   0.87222         1   0.90648    0.9534   0.94944         1   0.98609   0.96886   0.98651   0.86574   0.77048    0.9326         1         1
     3       0.92473   0.81344         0         1   0.83753   0.98182         1   0.99855   0.97757         1   0.99518   0.94336   0.98789   0.81233   0.79407   0.83026   0.97067   0.92977
     4       0.80567   0.97771         1         0         1   0.96528   0.96622   0.94636   0.86793    0.9393         1   0.80928   0.84734         1         1         1         1   0.99562
     5        0.9831   0.87222   0.83753         1         0   0.95478   0.98435         1         1    0.9861         1   0.92331         1   0.72221   0.77357   0.91076   0.98539   0.96567
     6             1         1   0.98182   0.96528   0.95478         0   0.89158   0.84783         1         1   0.74823   0.98207         1         1   0.89903   0.98306   0.82532   0.82428
     7             1   0.90648         1   0.96622   0.98435   0.89158         0   0.86507         1         1   0.82932         1   0.96128         1   0.97878   0.97645   0.93572   0.83498
     8             1    0.9534   0.99855   0.94636         1   0.84783   0.86507         0   0.99213         1   0.91393         1         1         1         1         1   0.91609   0.83138
