param eig1 := -248.022;

param eig2 := -47.4342;

param G := 6 ;

param m := 300 ;

param n := 30 ;

param c :=
     1    3
     2    6
     3    3
     4    6
     5    3
     6    6
     7    3
     8    6
     9    3
    10    6
    11    3
    12    6
    13    3
    14    6
    15    3
    16    6
    17    3
    18    6
    19    3
    20    6
    21    3
    22    6
    23    3
    24    6
    25    3
    26    6
    27    3
    28    6
    29    3
    30    6
    31    3
    32    6
    33    3
    34    6
    35    3
    36    6
    37    3
    38    6
    39    3
    40    6
    41    3
    42    6
    43    3
    44    6
    45    3
    46    6
    47    3
    48    6
    49    3
    50    6
    51    3
    52    6
    53    3
    54    6
    55    3
    56    6
    57    3
    58    6
    59    3
    60    6
    61    3
    62    6
    63    3
    64    6
    65    3
    66    6
    67    3
    68    6
    69    3
    70    6
    71    3
    72    6
    73    3
    74    6
    75    3
    76    6
    77    3
    78    6
    79    3
    80    6
    81    3
    82    6
    83    3
    84    6
    85    3
    86    6
    87    3
    88    6
    89    3
    90    6
    91    3
    92    6
    93    3
    94    6
    95    3
    96    6
    97    3
    98    6
    99    3
   100    6
   101    3
   102    6
   103    3
   104    6
   105    3
   106    6
   107    3
   108    6
   109    3
   110    6
   111    3
   112    6
   113    3
   114    6
   115    3
   116    6
   117    3
   118    6
   119    3
   120    6
   121    3
   122    6
   123    3
   124    6
   125    3
   126    6
   127    3
   128    6
   129    3
   130    6
   131    3
   132    6
   133    3
   134    6
   135    3
   136    6
   137    3
   138    6
   139    3
   140    6
   141    3
   142    6
   143    3
   144    6
   145    3
   146    6
   147    3
   148    6
   149    3
   150    6
   151    3
   152    6
   153    3
   154    6
   155    3
   156    6
   157    3
   158    6
   159    3
   160    6
   161    3
   162    6
   163    3
   164    6
   165    3
   166    6
   167    3
   168    6
   169    3
   170    6
   171    3
   172    6
   173    3
   174    6
   175    3
   176    6
   177    3
   178    6
   179    3
   180    6
   181    3
   182    6
   183    3
   184    6
   185    3
   186    6
   187    3
   188    6
   189    3
   190    6
   191    3
   192    6
   193    3
   194    6
   195    3
   196    6
   197    3
   198    6
   199    3
   200    6
   201    3
   202    6
   203    3
   204    6
   205    3
   206    6
   207    3
   208    6
   209    3
   210    6
   211    3
   212    6
   213    3
   214    6
   215    3
   216    6
   217    3
   218    6
   219    3
   220    6
   221    3
   222    6
   223    3
   224    6
   225    3
   226    6
   227    3
   228    6
   229    3
   230    6
   231    3
   232    6
   233    3
   234    6
   235    3
   236    6
   237    3
   238    6
   239    3
   240    6
   241    3
   242    6
   243    3
   244    6
   245    3
   246    6
   247    3
   248    6
   249    3
   250    6
   251    3
   252    6
   253    3
   254    6
   255    3
   256    6
   257    3
   258    6
   259    3
   260    6
   261    3
   262    6
   263    3
   264    6
   265    3
   266    6
   267    3
   268    6
   269    3
   270    6
   271    3
   272    6
   273    3
   274    6
   275    3
   276    6
   277    3
   278    6
   279    3
   280    6
   281    3
   282    6
   283    3
   284    6
   285    3
   286    6
   287    3
   288    6
   289    3
   290    6
   291    3
   292    6
   293    3
   294    6
   295    3
   296    6
   297    3
   298    6
   299    3
   300    6 ;

param d :=
  [1,*,*]:         1         2         3         4         5         6         7         8         9        10        11        12        13        14        15        16        17        18        19        20        21        22        23        24        25        26        27        28        29        30  :=
     1             0   0.88789   0.99547         1   0.86506         1         1         1         1         1   0.94637         1   0.98184   0.87424         1   0.91832   0.98753   0.94476   0.84274   0.90501         1   0.97322   0.81075   0.88419   0.99793    0.9887   0.98681         1   0.93402         1
     2       0.88789         0   0.93554         1   0.88555   0.98041   0.93848         1   0.90506         1   0.95776         1   0.93751    0.9562   0.96851         1   0.94921   0.98441   0.89273   0.91112   0.93612         1   0.79542   0.95607         1         1   0.99918         1         1         1
     3       0.99547   0.93554         0         1   0.99656    0.8836         1   0.95408   0.93303   0.86178         1   0.92033    0.9567         1   0.87043   0.82752   0.93191   0.92206   0.98744         1         1   0.99991   0.94292   0.90708   0.86295   0.98966   0.96672   0.98979   0.81034   0.95327
     4             1         1         1         0         1         1   0.98589         1   0.95086         1    0.9759         1    0.9478         1         1   0.94663   0.83741   0.97057   0.98597         1   0.85285   0.88793   0.95689   0.94061   0.98649   0.93657   0.86091    0.9488   0.92946   0.91667
     5       0.86506   0.88555   0.99656         1         0   0.93943   0.95697   0.93433         1         1         1         1     0.936   0.91808   0.94336         1   0.95597         1   0.95136    0.9266         1   0.93679   0.86652         1   0.91412   0.94751    0.9882         1         1   0.95721
     6             1   0.98041    0.8836         1   0.93943         0   0.94374   0.90584   0.88365   0.97539   0.98107   0.99255   0.95412   0.99763   0.87571   0.91813         1   0.97995         1         1   0.88454   0.97617         1   0.99473   0.83442         1   0.99326   0.97773   0.87812   0.99697
     7             1   0.93848         1   0.98589   0.95697   0.94374         0         1   0.99017         1         1         1   0.87104   0.91326         1         1         1   0.95073   0.88403   0.91385         1         1   0.91868   0.89435   0.97419         1         1         1   0.93871         1
     8             1         1   0.95408         1   0.93433   0.90584         1         0    0.9453   0.88078   0.96402   0.95075         1    0.9548   0.92601   0.91709   0.96248         1         1         1         1         1         1         1   0.89949         1    0.9243   0.98724    0.8798   0.95424
     9             1   0.90506   0.93303   0.95086         1   0.88365   0.99017    0.9453         0   0.86058         1   0.88114   0.93087    0.9225   0.90154   0.91968         1   0.97802    0.9659   0.95049         1   0.99514   0.96104   0.92492   0.86495    0.9972   0.99074   0.97137   0.88628   0.98943
    10             1         1   0.86178         1         1   0.97539         1   0.88078   0.86058         0         1   0.85297   0.95392   0.97212   0.86281   0.86839         1   0.98004   0.94935         1   0.92788   0.94583   0.88922   0.90984   0.85848   0.99704         1         1   0.91912   0.97992
    11       0.94637   0.95776         1    0.9759         1   0.98107         1   0.96402         1         1         0    0.9652         1   0.96607         1   0.91135   0.95503   0.94672         1         1   0.97871   0.89062    0.9143         1   0.97016     0.867   0.88321   0.94111         1     0.801
    12             1         1   0.92033         1         1   0.99255         1   0.95075   0.88114   0.85297    0.9652         0   0.97761         1   0.86694   0.90443         1   0.95586   0.92699         1   0.99599   0.98331         1         1   0.79074   0.98909   0.91733   0.98557   0.84003   0.97548
    13       0.98184   0.93751    0.9567    0.9478     0.936   0.95412   0.87104         1   0.93087   0.95392         1   0.97761         0   0.90176   0.92526   0.99303         1         1    0.9574   0.84649         1         1   0.92457   0.88131         1         1         1         1         1         1
    14       0.87424    0.9562         1         1   0.91808   0.99763   0.91326    0.9548    0.9225   0.97212   0.96607         1   0.90176         0   0.94461   0.99876   0.94371   0.98739   0.89839   0.90477   0.95164         1   0.97938   0.87419   0.97341         1         1         1         1   0.97512
    15             1   0.96851   0.87043         1   0.94336   0.87571         1   0.92601   0.90154   0.86281         1   0.86694   0.92526   0.94461         0   0.94619         1         1   0.97783   0.98996         1         1   0.97092         1         1         1   0.93768   0.99147   0.84668         1
    16       0.91832         1   0.82752   0.94663         1   0.91813         1   0.91709   0.91968   0.86839   0.91135   0.90443   0.99303   0.99876   0.94619         0         1         1   0.96338         1         1   0.97339         1         1   0.75343         1   0.97692         1   0.84175         1
    17       0.98753   0.94921   0.93191   0.83741   0.95597         1         1   0.96248         1         1   0.95503         1         1   0.94371         1         1         0   0.94357   0.94685   0.96807   0.89966   0.93322         1   0.91704   0.94648   0.85853   0.91432   0.85184    0.9972   0.93833
    18       0.94476   0.98441   0.92206   0.97057         1   0.97995   0.95073         1   0.97802   0.98004   0.94672   0.95586         1   0.98739         1         1   0.94357         0    0.9486   0.97117   0.94838   0.88763         1         1         1   0.90865   0.93653   0.91504   0.96454   0.84867
    19       0.84274   0.89273   0.98744   0.98597   0.95136         1   0.88403         1    0.9659   0.94935         1   0.92699    0.9574   0.89839   0.97783   0.96338   0.94685    0.9486         0   0.88741    0.9723   0.93942   0.99853   0.90075         1         1         1   0.94876   0.91874   0.98665
    20       0.90501   0.91112         1         1    0.9266         1   0.91385         1   0.95049         1         1         1   0.84649   0.90477   0.98996         1   0.96807   0.97117   0.88741         0   0.97297   0.91211   0.83795   0.82643         1   0.96553   0.93882   0.98617         1   0.98961
    21             1   0.93612         1   0.85285         1   0.88454         1         1         1   0.92788   0.97871   0.99599         1   0.95164         1         1   0.89966   0.94838    0.9723   0.97297         0   0.89111   0.96474         1   0.94813   0.88723   0.81988   0.85173   0.92861   0.97282
    22       0.97322         1   0.99991   0.88793   0.93679   0.97617         1         1   0.99514   0.94583   0.89062   0.98331         1         1         1   0.97339   0.93322   0.88763   0.93942   0.91211   0.89111         0   0.97326         1         1    0.8902   0.89877   0.80642         1   0.88534
    23       0.81075   0.79542   0.94292   0.95689   0.86652         1   0.91868         1   0.96104   0.88922    0.9143         1   0.92457   0.97938   0.97092         1         1         1   0.99853   0.83795   0.96474   0.97326         0   0.85469         1         1         1         1         1         1
    24       0.88419   0.95607   0.90708   0.94061         1   0.99473   0.89435         1   0.92492   0.90984         1         1   0.88131   0.87419         1         1   0.91704         1   0.90075   0.82643         1         1   0.85469         0   0.93412         1         1   0.98788    0.9471   0.98482
    25       0.99793         1   0.86295   0.98649   0.91412   0.83442   0.97419   0.89949   0.86495   0.85848   0.97016   0.79074         1   0.97341         1   0.75343   0.94648         1         1         1   0.94813         1         1   0.93412         0   0.94862         1         1   0.88943   0.96097
    26        0.9887         1   0.98966   0.93657   0.94751         1         1         1    0.9972   0.99704     0.867   0.98909         1         1         1         1   0.85853   0.90865         1   0.96553   0.88723    0.8902         1         1   0.94862         0   0.99093    0.8908         1   0.95205
    27       0.98681   0.99918   0.96672   0.86091    0.9882   0.99326         1    0.9243   0.99074         1   0.88321   0.91733         1         1   0.93768   0.97692   0.91432   0.93653         1   0.93882   0.81988   0.89877         1         1         1   0.99093         0   0.97304   0.90473   0.92519
    28             1         1   0.98979    0.9488         1   0.97773         1   0.98724   0.97137         1   0.94111   0.98557         1         1   0.99147         1   0.85184   0.91504   0.94876   0.98617   0.85173   0.80642         1   0.98788         1    0.8908   0.97304         0   0.95177   0.90838
    29       0.93402         1   0.81034   0.92946         1   0.87812   0.93871    0.8798   0.88628   0.91912         1   0.84003         1         1   0.84668   0.84175    0.9972   0.96454   0.91874         1   0.92861         1         1    0.9471   0.88943         1   0.90473   0.95177         0   0.96893
    30             1         1   0.95327   0.91667   0.95721   0.99697         1   0.95424   0.98943   0.97992     0.801   0.97548         1   0.97512         1         1   0.93833   0.84867   0.98665   0.98961   0.97282   0.88534         1   0.98482   0.96097   0.95205   0.92519   0.90838   0.96893         0
  [2,*,*]:         1         2         3         4         5         6         7         8         9        10        11        12        13        14        15        16        17        18        19        20        21        22        23        24        25        26        27        28        29        30  :=
     1             0         1   0.97714         1         1         1   0.81637    0.8981         1   0.92216   0.97158         1   0.78817         1   0.97953         1         1   0.97994   0.98405   0.78072         1         1   0.97416   0.83105         1   0.96249         1   0.89717         1         1
     2             1         0         1   0.93193    0.9843   0.92641   0.93893   0.98898         1   0.95578   0.95273   0.99998         1         1   0.99941         1   0.79219   0.95882         1         1         1         1     0.993         1         1   0.80542   0.85335         1         1         1
     3       0.97714         1         0   0.99399    0.9892         1         1   0.75169   0.97979   0.96662         1    0.7953         1         1         1         1         1   0.74602         1         1   0.97049   0.99302   0.78959   0.93276         1         1         1         1         1   0.98982
     4             1   0.93193   0.99399         0         1         1         1   0.98723   0.97973   0.83886   0.95838         1   0.92928   0.97955         1   0.86041   0.98685   0.97276   0.98562   0.92322         1   0.92595    0.9185   0.96565         1         1         1         1   0.75776    0.7831
     5             1    0.9843    0.9892         1         0   0.97722   0.99001         1    0.9316         1   0.96817         1   0.95599    0.9804   0.75346   0.98785    0.9608   0.99847   0.82185   0.99641   0.93821    0.7383   0.95594         1   0.84481         1   0.98545   0.97522         1    0.9827
     6             1   0.92641         1         1   0.97722         0   0.94624         1         1   0.90933   0.97319         1         1   0.96784         1   0.91675   0.81685   0.96892   0.95801    0.9929         1   0.99228         1   0.92753     0.948   0.70376   0.77953    0.9033   0.88327         1
     7       0.81637   0.93893         1         1   0.99001   0.94624         0         1   0.93964         1    0.9361         1   0.82428         1   0.95794         1         1   0.93875   0.99828   0.81212   0.96417         1         1   0.80445   0.88134         1   0.99384         1         1   0.98226
     8        0.8981   0.98898   0.75169   0.98723         1         1         1         0         1   0.93308   0.98944    0.8438         1         1         1         1         1    0.7301   0.93228   0.95102   0.99595   0.93763    0.8118         1   0.92242         1    0.9913         1   0.96204         1
     9             1         1   0.97979   0.97973    0.9316         1   0.93964         1         0   0.89703   0.76273    0.9504         1    0.8233   0.99441         1   0.97581   0.97499         1         1   0.84041   0.96705         1         1     0.992   0.94263         1   0.78104         1   0.98792
    10       0.92216   0.95578   0.96662   0.83886         1   0.90933         1   0.93308   0.89703         0         1         1         1         1         1   0.78261         1   0.97494         1         1   0.97248    0.9443         1         1         1   0.97962         1         1   0.74674   0.78029
    11       0.97158   0.95273         1   0.95838   0.96817   0.97319    0.9361   0.98944   0.76273         1         0         1   0.99946   0.78318   0.90289   0.99436   0.97414         1         1   0.99933   0.77574         1         1         1   0.94204         1   0.97179   0.95592         1   0.97168
    12             1   0.99998    0.7953         1         1         1         1    0.8438    0.9504         1         1         0   0.95509   0.97415   0.95139   0.99436         1   0.79725         1   0.97244   0.99517   0.99946   0.71424         1         1         1   0.93176   0.90887         1   0.99106
    13       0.78817         1         1   0.92928   0.95599         1   0.82428         1         1         1   0.99946   0.95509         0         1         1         1         1         1         1   0.87292         1    0.8983   0.88175    0.8369   0.99125   0.94959   0.99661         1   0.92762         1
    14             1         1         1   0.97955    0.9804   0.96784         1         1    0.8233         1   0.78318   0.97415         1         0   0.94607    0.9357   0.99194   0.90395         1         1   0.84902    0.9238    0.9582         1   0.96587   0.95876   0.98356    0.8653         1   0.89921
    15       0.97953   0.99941         1         1   0.75346         1   0.95794         1   0.99441         1   0.90289   0.95139         1   0.94607         0   0.99636   0.98221   0.95534   0.83415         1         1   0.68953    0.9301         1   0.76359         1    0.9141         1         1    0.9942
    16             1         1         1   0.86041   0.98785   0.91675         1         1         1   0.78261   0.99436   0.99436         1    0.9357   0.99636         0   0.97994   0.96786   0.97856   0.96383         1   0.98453         1   0.94016         1         1         1         1   0.79395   0.77287
    17             1   0.79219         1   0.98685    0.9608   0.81685         1         1   0.97581         1   0.97414         1         1   0.99194   0.98221   0.97994         0   0.95902         1         1         1         1   0.92132         1   0.99565   0.73792   0.77364   0.97544         1   0.97185
    18       0.97994   0.95882   0.74602   0.97276   0.99847   0.96892   0.93875    0.7301   0.97499   0.97494         1   0.79725         1   0.90395   0.95534   0.96786   0.95902         0   0.98339    0.9581   0.95305   0.96052   0.84375         1   0.95483   0.99562         1         1         1   0.99726
    19       0.98405         1         1   0.98562   0.82185   0.95801   0.99828   0.93228         1         1         1         1         1         1   0.83415   0.97856         1   0.98339         0         1         1   0.75005    0.9137   0.98947   0.86101   0.99109         1         1         1         1
    20       0.78072         1         1   0.92322   0.99641    0.9929   0.81212   0.95102         1         1   0.99933   0.97244   0.87292         1         1   0.96383         1    0.9581         1         0   0.89466   0.94838         1   0.92704         1   0.94536         1   0.92716         1         1
    21             1         1   0.97049         1   0.93821         1   0.96417   0.99595   0.84041   0.97248   0.77574   0.99517         1   0.84902         1         1         1   0.95305         1   0.89466         0   0.89868   0.95441    0.9921         1   0.92417   0.97336   0.72393         1         1
    22             1         1   0.99302   0.92595    0.7383   0.99228         1   0.93763   0.96705    0.9443         1   0.99946    0.8983    0.9238   0.68953   0.98453         1   0.96052   0.75005   0.94838   0.89868         0         1         1   0.75335         1   0.97221     0.989         1   0.94005
    23       0.97416     0.993   0.78959    0.9185   0.95594         1         1    0.8118         1         1         1   0.71424   0.88175    0.9582    0.9301         1   0.92132   0.84375    0.9137         1   0.95441         1         0   0.93673         1         1   0.92477   0.94835         1   0.98076
    24       0.83105         1   0.93276   0.96565         1   0.92753   0.80445         1         1         1         1         1    0.8369         1         1   0.94016         1         1   0.98947   0.92704    0.9921         1   0.93673         0   0.94088         1   0.97206         1   0.97446         1
    25             1         1         1         1   0.84481     0.948   0.88134   0.92242     0.992         1   0.94204         1   0.99125   0.96587   0.76359         1   0.99565   0.95483   0.86101         1         1   0.75335         1   0.94088         0         1   0.92266         1         1         1
    26       0.96249   0.80542         1         1         1   0.70376         1         1   0.94263   0.97962         1         1   0.94959   0.95876         1         1   0.73792   0.99562   0.99109   0.94536   0.92417         1         1         1         1         0   0.90336         1    0.9089   0.97071
    27             1   0.85335         1         1   0.98545   0.77953   0.99384    0.9913         1         1   0.97179   0.93176   0.99661   0.98356    0.9141         1   0.77364         1         1         1   0.97336   0.97221   0.92477   0.97206   0.92266   0.90336         0         1         1   0.97397
    28       0.89717         1         1         1   0.97522    0.9033         1         1   0.78104         1   0.95592   0.90887         1    0.8653         1         1   0.97544         1         1   0.92716   0.72393     0.989   0.94835         1         1         1         1         0    0.9863   0.94367
    29             1         1         1   0.75776         1   0.88327         1   0.96204         1   0.74674         1         1   0.92762         1         1   0.79395         1         1         1         1         1         1         1   0.97446         1    0.9089         1    0.9863         0   0.66853
    30             1         1   0.98982    0.7831    0.9827         1   0.98226         1   0.98792   0.78029   0.97168   0.99106         1   0.89921    0.9942   0.77287   0.97185   0.99726         1         1         1   0.94005   0.98076         1         1   0.97071   0.97397   0.94367   0.66853         0
  [3,*,*]:         1         2         3         4         5         6         7         8         9        10        11        12        13        14        15        16        17        18        19        20        21        22        23        24        25        26        27        28        29        30  :=
     1             0         1   0.96508   0.89865         1         1   0.91623         1   0.89424         1         1         1   0.89027   0.95373   0.95916   0.96739   0.98294   0.76894         1         1   0.93063         1   0.96542    0.9639   0.96646         1   0.98229   0.92205   0.93431   0.95741
     2             1         0         1         1   0.99146   0.96742    0.9388         1   0.96233   0.92848   0.90139   0.99942         1   0.98445         1         1   0.90849         1   0.93617   0.99696   0.97335   0.91214   0.86666         1    0.9651         1   0.91614         1         1   0.90101
     3       0.96508         1         0   0.88589   0.96951         1         1         1   0.88469         1         1    0.9521   0.89964   0.90949         1   0.91306   0.86913   0.97811   0.96268   0.91807   0.93068         1         1   0.96084   0.95997         1         1   0.85516   0.88868         1
     4       0.89865         1   0.88589         0         1   0.97496         1   0.94459   0.92252   0.99076   0.93213   0.99851   0.85973   0.94779   0.97716   0.97575   0.89669   0.82638   0.95007   0.92038   0.90118         1         1         1         1         1         1   0.95067   0.81903   0.99978
     5             1   0.99146   0.96951         1         0   0.96295   0.86753   0.89527         1   0.91467   0.97799   0.91152   0.91529   0.96355   0.80857   0.92627         1   0.94749   0.98859   0.89639   0.98605   0.97793   0.97693   0.91251   0.90962   0.96267   0.96263         1   0.99859   0.96373
     6             1   0.96742         1   0.97496   0.96295         0   0.99381         1         1   0.97695   0.97977         1   0.94973   0.88856   0.97776   0.98328   0.87498         1   0.96848         1         1   0.93791   0.81772   0.99929         1         1   0.89478   0.96594   0.88615    0.8409
     7       0.91623    0.9388         1         1   0.86753   0.99381         0   0.82698         1   0.86619   0.99643   0.78789   0.98181         1   0.97062   0.91021         1    0.9843         1   0.82448         1   0.97174   0.97968   0.86986   0.91509   0.88794   0.91356   0.99151         1   0.94474
     8             1         1         1   0.94459   0.89527         1   0.82698         0         1   0.93528         1   0.87211         1   0.96101   0.86233         1         1         1         1   0.84501   0.97257         1   0.91588   0.89961   0.91652    0.9419         1   0.97632         1   0.95173
     9       0.89424   0.96233   0.88469   0.92252         1         1         1         1         0   0.93115   0.98006         1    0.8962   0.82296         1   0.98256   0.98844   0.88242   0.96779         1   0.87968         1   0.99598   0.98899   0.98807   0.98037   0.93195   0.94267   0.84859   0.99732
    10             1   0.92848         1   0.99076   0.91467   0.97695   0.86619   0.93528   0.93115         0         1   0.99287         1         1   0.96959         1   0.94571   0.95945   0.91703   0.85968         1         1    0.9925   0.77437   0.86931   0.94774   0.99933         1   0.95006   0.96825
    11             1   0.90139         1   0.93213   0.97799   0.97977   0.99643         1   0.98006         1         0   0.99684   0.98522         1         1   0.94405   0.88668         1    0.8787         1         1   0.93329   0.87659   0.96081         1   0.97583         1         1   0.94916         1
    12             1   0.99942    0.9521   0.99851   0.91152         1   0.78789   0.87211         1   0.99287   0.99684         0         1   0.90191   0.87524   0.96141         1         1         1    0.8699         1   0.92231         1   0.83152   0.97097   0.95331   0.90298    0.9998    0.9826     0.951
    13       0.89027         1   0.89964   0.85973   0.91529   0.94973   0.98181         1    0.8962         1   0.98522         1         0   0.96899   0.99527   0.97097         1    0.8434         1         1   0.92261   0.96283         1   0.98277   0.97049         1         1   0.90898   0.85292   0.99477
    14       0.95373   0.98445   0.90949   0.94779   0.96355   0.88856         1   0.96101   0.82296         1         1   0.90191   0.96899         0   0.99055         1         1   0.89972   0.88152         1   0.90404         1    0.9861         1   0.94813   0.92089   0.98481   0.93598   0.87666   0.92453
    15       0.95916         1         1   0.97716   0.80857   0.97776   0.97062   0.86233         1   0.96959         1   0.87524   0.99527   0.99055         0   0.99791         1         1         1   0.87671   0.97503         1         1   0.93412   0.92199   0.91763   0.96582   0.97908   0.98593   0.90986
    16       0.96739         1   0.91306   0.97575   0.92627   0.98328   0.91021         1   0.98256         1   0.94405   0.96141   0.97097         1   0.99791         0         1   0.95898    0.9355         1     0.974   0.92223   0.95437   0.93597         1         1   0.93727         1   0.91386   0.90125
    17       0.98294   0.90849   0.86913   0.89669         1   0.87498         1         1   0.98844   0.94571   0.88668         1         1         1         1         1         0         1   0.97472   0.95248   0.97385   0.82837   0.83429   0.98489         1         1   0.95974         1         1   0.90208
    18       0.76894         1   0.97811   0.82638   0.94749         1    0.9843         1   0.88242   0.95945         1         1    0.8434   0.89972         1   0.95898         1         0         1         1   0.89252   0.96873   0.97983   0.91777         1         1   0.95662    0.9208   0.86502   0.93923
    19             1   0.93617   0.96268   0.95007   0.98859   0.96848         1         1   0.96779   0.91703    0.8787         1         1   0.88152         1    0.9355   0.97472         1         0    0.9825   0.97745    0.9421   0.95907   0.99209   0.91871   0.92532   0.84326   0.97028         1   0.84656
    20             1   0.99696   0.91807   0.92038   0.89639         1   0.82448   0.84501         1   0.85968         1    0.8699         1         1   0.87671         1   0.95248         1    0.9825         0    0.9923         1   0.94655   0.92115   0.82834   0.89633   0.98329         1         1         1
    21       0.93063   0.97335   0.93068   0.90118   0.98605         1         1   0.97257   0.87968         1         1         1   0.92261   0.90404   0.97503     0.974   0.97385   0.89252   0.97745    0.9923         0         1         1         1         1   0.99622         1   0.98226    0.8752   0.97627
    22             1   0.91214         1         1   0.97793   0.93791   0.97174         1         1         1   0.93329   0.92231   0.96283         1         1   0.92223   0.82837   0.96873    0.9421         1         1         0   0.91281   0.95862   0.97537   0.99754   0.86277         1         1   0.88909
    23       0.96542   0.86666         1         1   0.97693   0.81772   0.97968   0.91588   0.99598    0.9925   0.87659         1         1    0.9861         1   0.95437   0.83429   0.97983   0.95907   0.94655         1   0.91281         0   0.99009         1   0.93911   0.85447         1         1    0.9178
    24        0.9639         1   0.96084         1   0.91251   0.99929   0.86986   0.89961   0.98899   0.77437   0.96081   0.83152   0.98277         1   0.93412   0.93597   0.98489   0.91777   0.99209   0.92115         1   0.95862   0.99009         0   0.86997   0.96628   0.94458         1   0.98803   0.93076
    25       0.96646    0.9651   0.95997         1   0.90962         1   0.91509   0.91652   0.98807   0.86931         1   0.97097   0.97049   0.94813   0.92199         1         1         1   0.91871   0.82834         1   0.97537         1   0.86997         0   0.90811         1   0.92753   0.95562   0.99547
    26             1         1         1         1   0.96267         1   0.88794    0.9419   0.98037   0.94774   0.97583   0.95331         1   0.92089   0.91763         1         1         1   0.92532   0.89633   0.99622   0.99754   0.93911   0.96628   0.90811         0         1   0.99066    0.9287         1
    27       0.98229   0.91614         1         1   0.96263   0.89478   0.91356         1   0.93195   0.99933         1   0.90298         1   0.98481   0.96582   0.93727   0.95974   0.95662   0.84326   0.98329         1   0.86277   0.85447   0.94458         1         1         0   0.97062   0.91394   0.85473
    28       0.92205         1   0.85516   0.95067         1   0.96594   0.99151   0.97632   0.94267         1         1    0.9998   0.90898   0.93598   0.97908         1         1    0.9208   0.97028         1   0.98226         1         1         1   0.92753   0.99066   0.97062         0   0.94912   0.97324
    29       0.93431         1   0.88868   0.81903   0.99859   0.88615         1         1   0.84859   0.95006   0.94916    0.9826   0.85292   0.87666   0.98593   0.91386         1   0.86502         1         1    0.8752         1         1   0.98803   0.95562    0.9287   0.91394   0.94912         0         1
    30       0.95741   0.90101         1   0.99978   0.96373    0.8409   0.94474   0.95173   0.99732   0.96825         1     0.951   0.99477   0.92453   0.90986   0.90125   0.90208   0.93923   0.84656         1   0.97627   0.88909    0.9178   0.93076   0.99547         1   0.85473   0.97324         1         0
  [4,*,*]:         1         2         3         4         5         6         7         8         9        10        11        12        13        14        15        16        17        18        19        20        21        22        23        24        25        26        27        28        29        30  :=
     1             0         1   0.84096         1    0.9327   0.94331   0.95404         1   0.94652         1         1   0.81932         1    0.9942   0.97464   0.98652   0.86955         1   0.98379         1   0.82893   0.99493         1   0.96083         1   0.96622   0.97117         1         1   0.98712
     2             1         0         1         1         1   0.95489   0.98651         1   0.81527         1         1   0.99081    0.7811   0.99022         1   0.71078   0.97018         1         1   0.95124   0.90526   0.91409   0.76701   0.94539         1   0.99308   0.94643         1         1         1
     3       0.84096         1         0   0.99592         1   0.96975   0.99518         1   0.99358         1   0.93997   0.82675         1    0.9573   0.95976   0.98206   0.75784   0.91904         1   0.91078   0.81754   0.93451         1   0.93526         1         1         1   0.98726         1    0.9223
     4             1         1   0.99592         0         1   0.96591         1   0.96083   0.98205    0.8297         1         1   0.90744         1   0.83355         1   0.95904    0.9114   0.98219         1   0.98859         1   0.99321         1         1     0.733   0.72597   0.98449   0.96957   0.94147
     5        0.9327         1         1         1         0         1   0.90918         1         1         1         1   0.99584   0.96438   0.95235   0.98182         1         1   0.79989   0.98357         1     0.993         1    0.9261   0.99565   0.81941   0.96555   0.98944         1   0.96558   0.71875
     6       0.94331   0.95489   0.96975   0.96591         1         0   0.97164   0.79951   0.99388   0.99102   0.98809   0.98887   0.94502         1    0.9244   0.95523         1    0.8957   0.78573   0.88837   0.96592   0.78896         1   0.95354         1   0.99329   0.94538   0.95197   0.83748   0.99812
     7       0.95404   0.98651   0.99518         1   0.90918   0.97164         0   0.96595         1         1     0.927   0.92836         1   0.95218   0.95455         1   0.97673   0.91399         1   0.89506   0.96076   0.95617   0.97639         1   0.85093   0.98338         1         1         1   0.75819
     8             1         1         1   0.96083         1   0.79951   0.96595         0   0.95304         1   0.97165         1         1   0.91735   0.93027   0.99292   0.95726         1   0.81489    0.9239   0.97367   0.77684         1         1   0.96254   0.92866   0.97539         1   0.80696   0.99459
     9       0.94652   0.81527   0.99358   0.98205         1   0.99388         1   0.95304         0         1   0.99003   0.99044   0.76197   0.95577   0.97731   0.71059         1    0.9815         1   0.98191         1   0.97278   0.92734   0.96289         1         1   0.99066         1         1   0.95018
    10             1         1         1    0.8297         1   0.99102         1         1         1         0    0.9107         1         1   0.97485   0.80093         1   0.91251   0.99521   0.94488   0.98188         1         1   0.93215         1   0.99627   0.80711   0.74404         1         1   0.91575
    11             1         1   0.93997         1         1   0.98809     0.927   0.97165   0.99003    0.9107         0   0.99643         1     0.751         1         1    0.9203         1   0.97057   0.82301         1   0.99676         1   0.87895    0.9698         1         1   0.80089   0.96264   0.95322
    12       0.81932   0.99081   0.82675         1   0.99584   0.98887   0.92836         1   0.99044         1   0.99643         0   0.94958         1   0.95807   0.96966   0.94355         1    0.9654   0.97298   0.77216   0.99258   0.89584         1         1         1   0.99667         1   0.93703   0.93275
    13             1    0.7811         1   0.90744   0.96438   0.94502         1         1   0.76197         1         1   0.94958         0   0.93078    0.9742    0.8333         1   0.94719   0.92224   0.97881   0.98162         1   0.75847   0.99803   0.94191   0.96844         1         1         1    0.9981
    14        0.9942   0.99022    0.9573         1   0.95235         1   0.95218   0.91735   0.95577   0.97485     0.751         1   0.93078         0   0.89822   0.93452   0.93279   0.93512         1   0.87064    0.9002   0.97219   0.92518   0.77782   0.99074   0.93355         1   0.78972         1         1
    15       0.97464         1   0.95976   0.83355   0.98182    0.9244   0.95455   0.93027   0.97731   0.80093         1   0.95807    0.9742   0.89822         0   0.96636         1         1   0.92385   0.92238    0.9338         1         1   0.93729         1   0.82159   0.81269   0.96223         1         1
    16       0.98652   0.71078   0.98206         1         1   0.95523         1   0.99292   0.71059         1         1   0.96966    0.8333   0.93452   0.96636         0   0.96054         1   0.99099         1   0.98704         1   0.86354         1         1   0.99482   0.97875   0.98772         1    0.9649
    17       0.86955   0.97018   0.75784   0.95904         1         1   0.97673   0.95726         1   0.91251    0.9203   0.94355         1   0.93279         1   0.96054         0   0.95518         1         1   0.72802         1   0.92445   0.87296   0.97024         1         1         1         1   0.97886
    18             1         1   0.91904    0.9114   0.79989    0.8957   0.91399         1    0.9815   0.99521         1         1   0.94719   0.93512         1         1   0.95518         0         1   0.99327   0.92297         1    0.9473         1   0.73175         1         1         1         1   0.77442
    19       0.98379         1         1   0.98219   0.98357   0.78573         1   0.81489         1   0.94488   0.97057    0.9654   0.92224         1   0.92385   0.99099         1         1         0         1         1   0.84108         1   0.99227   0.97172    0.9757         1         1   0.78565         1
    20             1   0.95124   0.91078         1         1   0.88837   0.89506    0.9239   0.98191   0.98188   0.82301   0.97298   0.97881   0.87064   0.92238         1         1   0.99327         1         0         1         1         1   0.78944         1   0.98419         1   0.83825   0.92875    0.9648
    21       0.82893   0.90526   0.81754   0.98859     0.993   0.96592   0.96076   0.97367         1         1         1   0.77216   0.98162    0.9002    0.9338   0.98704   0.72802   0.92297         1         1         0   0.97915         1   0.89184         1         1         1   0.89891         1         1
    22       0.99493   0.91409   0.93451         1         1   0.78896   0.95617   0.77684   0.97278         1   0.99676   0.99258         1   0.97219         1         1         1         1   0.84108         1   0.97915         0         1   0.95903   0.94821         1   0.99733   0.96596   0.76965         1
