nós de branch and bound = 88
GAP = 6.53913%
LB = 1.70537
UB = 1.82469
melhor custo = 1.82469
