nós de branch and bound = 255
GAP = 4.40497%
LB = 1.80062
UB = 1.88359
melhor custo = 1.88359
