nós de branch and bound = 14622
GAP = 0.940607%
LB = 1.95887
UB = 1.97747
melhor custo = 1.97747
