nós de branch and bound = 8351
GAP = 0.00964716%
LB = 2.1402
UB = 2.14041
melhor custo = 2.14041
