nós de branch and bound = 861
GAP = 0%
LB = 2.06047
UB = 2.06047
melhor custo = 2.06047
