nós de branch and bound = 6300
GAP = 0.00612575%
LB = 2.97742
UB = 2.9776
melhor custo = 2.9776
