nós de branch and bound = 150
GAP = 6.02309%
LB = 1.85376
UB = 1.97257
melhor custo = 1.97257
