nós de branch and bound = 1105
GAP = 5.00762%
LB = 1.75346
UB = 1.84589
melhor custo = 1.84589
